align-est-C01	align-est-D1	align-est-D2	align-est-D3	align-est-D4	align-est-D5
TR24727_c0_g1_i1	0.0100636833446975	5.87919112633835	1.07382023329167	0.642470537315822	3.14567745519564	1.5449798832558
TR42355_c2_g5_i9	0	0	0	3.77894445758767	3.46375322458739	2.0830431287018
TR36339_c4_g1_i1	0.0607391578576785	0.0922074380970889	0	1.86473092231475	2.73031388629378	0.0412429822318813
TR39475_c0_g3_i3	0.00144197417390632	0.249748715083569	0.297484915710575	1.88440255298369	1.40979822782842	0
TR42313_c5_g1_i4	1.26903314645524	0.337996463515016	1.30801131455218	2.60786290283124	1.48594198341242	0
TR42443_c3_g1_i9	1.15055967657538	1.78534129870518	0	3.92751724619848	2.14012422390907	0.116364756691785
TR37251_c0_g1_i1	2.74092756031863	1.70796645477598	2.91399039267484	6.18622321153211	3.81977035374832	0.0243196791954129
TR9996_c0_g1_i1	3.83157327060919	0.146655222119465	0.13224779829844	0	0	0
TR40734_c0_g1_i1	3.30640807698255	0.569491091958716	0	2.40816837070811	2.64777499312618	0
TR3857_c0_g1_i1	0.795766947782392	0.421155960662223	7.35472542582442	0.590721770009841	2.65397717863634	9.72704913033868
TR35907_c0_g1_i1	0.2904244038653	0.517023672064581	0	3.90332755161124	1.12234140752612	0.936590829823939
TR37245_c3_g1_i3	0	0	0	1.63273352595054	0.841570637395517	0
TR38821_c0_g1_i3	1.03984026453179	0.155749232677945	0	3.1196881745192	2.74114335495532	0.0100636833446975
TR26931_c0_g1_i1	0	0	0	3.31048554625018	3.58351908385149	0.724213686757358
TR41989_c3_g1_i3	4.43008451294672	0	0	0.206643223983395	0	0.427606172781899
TR42548_c0_g2_i1	0	0	0	0.701327257412941	2.05311133645956	0
TR41739_c1_g2_i13	1.84799690655495	0.910732661902913	1.99421764740599	3.42398147761655	1.45048545986112	0
TR38741_c0_g1_i3	0	2.5629139989121	2.73357127092638	3.40012801480873	2.66789212523023	1.16992500144231
TR42348_c0_g2_i3	0.11503324294624	0.0440443327060212	0	1.74502214903726	0.324234562270531	0.0172092900322231
TR42198_c2_g1_i1	1.58159227883601	2.5909612413426	1.64938552918152	2.6544355408454	2.54151483946068	0
TR37159_c4_g1_i3	6.52169465346639	4.57730796893868	0.43722773891291	0.124328135002202	0.266636642513989	1.03843618165611
TR39321_c0_g1_i1	2.96735308359463	2.47144761637739	3.97663858317333	0	0	0
TR29379_c1_g1_i4	7.13654003921402	1.0962618530584	8.83163976964696	0	1.61211655222488	1.17951105027151
TR39504_c0_g1_i1	5.91580769034457	5.1085662734197	0	0.793271654498083	0.293958979028694	4.02396499080005
TR40065_c1_g2_i5	0	4.10198617278574	0.622930350920177	0	0.101650076094435	1.7819891158647
TR28637_c0_g1_i1	0	0	3.10450440529959	1.62339868237726	2.82598909619666	4.47125250378281
TR37749_c4_g2_i2	4.94888113665803	0.642470537315822	0	1.85678654628808	2.32969768903328	0
TR36132_c8_g4_i3	0	0.577247535593151	4.11802742259079	0.811471030529836	0	0
TR43196_c3_g3_i1	0	2.06660588420444	0	5.00067610485072	2.63575439127776	0.606915941825205
TR41899_c3_g2_i7	0	4.85429493045532	0.15704371014558	0	0.104336659814736	0
TR34217_c4_g1_i8	1.62807365419614	1.11835972595306	0	3.94607579151515	2.68504308947668	0
TR36538_c6_g2_i1	0.140124223909071	0.341416524478722	0.277389698810864	0.414676780426886	1.30100225603281	7.41107027376079
TR40381_c2_g1_i1	0.742437445376266	2.59526494203758	4.02511740940147	0	1.39999135066418	1.52255799287044
TR42121_c2_g2_i3	0.675364312749146	0.485426827170242	0.72159139877538	4.50741409901544	1.48645695576873	0
TR27810_c0_g1_i2	0	3.72813820341893	0	0	0	0
TR41945_c6_g2_i1	0.40381306161659	0.418999465431266	0.398350370345965	2.15898325116039	0.477159211186641	0
TR42249_c1_g2_i1	1.79493566280354	1.51045562166176	1.27142567609293	3.10651583126625	1.92561971200294	0
TR34357_c0_g1_i1	1.26483664846778	0.121678556588252	0	4.66345848188466	2.82150614189749	1.53953107147415
TR42426_c0_g2_i3	0	0.231432408447965	0.692427198089708	3.55139296802745	2.06626144226872	0.29983076182237
TR38692_c5_g1_i11	2.03703073094497	1.02147972741045	1.4756037446846	4.19274651387139	1.40816837070811	0
TR31325_c0_g1_i1	4.68257329734758	3.64177721169212	0	2.22280456104526	3.02874594222712	3.47092725747513
TR34327_c4_g1_i2	0	0	0.655351828612554	0.0496307677246004	0	4.98754825895374
TR34746_c1_g2_i2	0	0.431890348286181	0	2.76107247078864	1.4931349223055	1.37295209791183
TR35285_c0_g1_i1	0.629473196786949	3.57700577689281	0.124328135002202	3.6085727159038	9.42078343745233	1.67626740826589
TR35226_c3_g2_i1	0.147957881387101	0	0	1.58351908385149	5.0496307677246	0
TR43012_c2_g1_i3	0	3.11203283623382	3.56559717585422	2.35670725293538	1.67129337248158	1.96716860753263
TR35507_c1_g7_i3	0.481298941547565	0.416839741912829	0	2.53605290024021	0.887525270741587	0
TR8485_c0_g1_i1	6.06030683786377	4.85014932396089	0.377401430785794	0	0	0
TR32361_c2_g3_i2	6.39723822923624	0.361768359419153	2.92751724619848	0	0	0.391767719955997
TR34498_c2_g1_i2	3.6407365981132	0	4.36408211280548	0	0.336854639125465	0.359521170427595
TR40986_c1_g2_i1	1.70796645477598	1.26663664251399	2.48439596250267	3.65466466735122	2.86512699508069	0
TR36983_c2_g1_i1	0.751035176667862	1.0164963198962	0	2.82598909619666	1.70398660386343	0.318461465167583
TR37125_c4_g5_i1	0	0	0	6.32450461019781	0.84639302085236	0.0200576523412535
TR33067_c1_g3_i2	5.67398035122985	5.15124999044067	0.11503324294624	0	0	0
TR38901_c0_g1_i3	2.298071734934	0	0	2.19880843205028	2.6165929509786	4.47131754424631
TR40705_c2_g1_i3	0	0.186500557644495	3.90332755161124	5.01364091066939	6.76748266025597	0.154453592679872
TR36037_c2_g1_i5	1.27262045466299	2.22063951287686	0	3.23802251782572	2.52782102239503	0
TR40033_c0_g1_i6	0	4.22032995487956	0	2.14469902515414	2.37490036970135	2.04544297076117
TR33770_c0_g1_i2	0	5.27332938656167	0.221567788538409	0	0	0
TR33479_c0_g1_i3	2.55753262765066	2.00432160595009	0	0	0.296310560708092	1.61729848284085
TR37125_c3_g2_i2	0.144046369616707	3.8744035393784	3.53878645466232	2.7235585614721	7.46412911581574	4.8888406427443
TR21084_c0_g1_i1	2.05900910004046	4.88215391728701	0	6.95890066021304	7.11923165828526	7.26372928685262
TR30429_c0_g1_i1	1.12101540096137	1.03351110236132	0	2.52957110757389	7.36250495626375	2.53156860881496
TR10256_c0_g1_i1	0	0.0731347046302154	6.08444700456192	0	0.500802053057158	0
TR40796_c0_g2_i2	0	0	0.0100636833446975	0	0	2.89549651892662
TR42555_c2_g3_i2	6.8775970286579	5.20081034911645	4.18515294823333	0.15704371014558	0.293958979028694	6.52204005122736
TR598_c0_g1_i1	0	0.451013242943973	1.11236652307256	0.506906554580693	0.280956313831056	6.99974074244147
TR39728_c2_g1_i4	0	0	0	0.666302128173095	3.47987724867106	0
TR10300_c0_g2_i1	0	0	7.26427368945611	0	0	0
TR41198_c1_g2_i9	0	0	0.306845500314283	2.55360625668587	0.630405471482323	0.0172092900322231
TR36649_c1_g3_i3	4.48104055611822	0.175045486110914	0	0.126972856257766	0	0
TR42423_c2_g3_i5	0	0	3.79514352895776	0	0	0.243669080966863
TR37849_c1_g2_i2	0	0.219091058246197	2.70199255373134	0	0	3.68985823631925
TR41121_c3_g2_i2	0.113700499164728	0.0468402542029724	0	3.3790663992809	1.26483664846778	0.00432160595009347
TR43040_c0_g1_i7	0	0	0	2.61753358347542	0.439357178474257	0
TR39297_c3_g1_i5	1.47404659931931	0.402722176845605	0	1.47508488294878	0.440420720756767	0
TR37342_c2_g2_i2	1.88947354253111	4.39828195564336	2.96624587322494	4.65706830120158	3.41899946543127	0
TR38963_c0_g2_i3	4.22704789827098	1.93997876494071	0	0.197865391353738	0.0745054363636298	0.177598929327733
TR33828_c0_g1_i4	0	0	0	3.1807843910787	1.84879818124419	0
TR38644_c2_g1_i1	0.0299828662157143	5.8804406478879	0.0243196791954129	0.505890929729957	0.705756782049797	4.78722348428316
TR38692_c5_g1_i5	0.438292851579147	0.623866861852698	0	3.66448284036468	0.589763486984977	0
TR26289_c0_g1_i1	4.57440430902258	0.252173413202027	0.070389327891398	0	0	2.033158666781
TR31921_c0_g1_i1	0.0157829972409275	3.29821840245213	0.183962834842595	0	0	0.183962834842595
TR35069_c0_g1_i3	1.03068920407114	1.40871186102943	0	2.47118746038699	1.30275771563804	0.665392771041891
TR32591_c2_g7_i3	0.18269229751619	6.60418996147501	6.99844375534508	5.98185265328974	7.01085814668757	8.33541268726164
TR42487_c0_g1_i8	0.662661255475094	0.622930350920177	0.142740172116082	2.97709671249695	0.998556583130331	0
TR32366_c2_g1_i6	6.62792779040064	8.3109717067974	7.54140642262851	0.172487515510134	2.45995613965412	6.63277714111198
TR38881_c0_g1_i2	1.24914190328035	2.87085786436376	1.69198075060328	4.41359408240918	2.65969626580899	0
TR1447_c0_g2_i1	0	0	0	0	0	5.86257537147784
TR33673_c5_g1_i5	0.0989584800881688	0.434027674663597	0	2.07860983469637	0.995665409736109	0
TR42669_c0_g2_i4	0.730313886293776	0.699551632523089	1.41142624572647	2.51903860960006	0.722466024471091	0
TR43261_c1_g1_i8	0	0	1.37183761733042	0	0.0745054363636298	0
TR42448_c0_g1_i8	0	0	0.695102985640479	2.53828982985849	0	0
TR28103_c0_g1_i1	0.0690146779151805	6.51015492336291	4.69164582430093	4.32898003740385	4.48368681551921	4.65626753479429
TR42002_c0_g1_i5	0.833497336859835	0.133563525741106	0	1.94860084749336	0.878921479749851	0
TR41392_c0_g2_i2	2.66789212523023	1.02856915219677	0	0	0	0.505890929729957
TR36339_c4_g1_i3	0.0786098346963665	0	0	2.34766565630097	0.0662614422687213	0.15704371014558
TR36183_c6_g4_i2	0	0	0	0	0.12565110166152	6.6616926021993
TR29677_c0_g2_i1	0	0.15704371014558	2.86631456137705	3.43789352647417	2.35219353774503	0.0867837661420666
TR38617_c2_g1_i3	0	3.85907503850493	0.706641057309409	3.89801481906676	3.25489633639012	0.0854246562526777
TR33726_c2_g1_i3	0	5.04561770521798	0	0	0	0
TR37480_c2_g1_i11	0.314986485468515	1.70310069960416	0	2.37267355846876	2.5449798832558	0.808179083771471
TR37089_c0_g1_i4	2.33685463912547	2.64316352990343	0.40381306161659	0	0.0313951962755343	0
TR34635_c0_g4_i4	3.65535182861255	1.44572670334998	0	0	0.439357178474257	0
TR40253_c2_g2_i4	13.1936310023205	12.6155705579023	9.02653727462068	2.42169458118029	7.43434466432965	4.25073424022799
TR27227_c0_g1_i1	2.10433665981474	0	1.67400860861723	0.280956313831056	0.587845009254278	6.43977271799799
TR32890_c1_g2_i8	0	1.28747229511907	1.68212378961972	1.53455968460832	1.7497487788645	2.35219353774503
TR38252_c4_g2_i1	6.54876026997073	1.24427819857814	0.441483479582645	0.27500704749987	0.138814468902282	5.45200231611571
TR40190_c0_g1_i1	0.49364733397521	0.16478627814334	0	2.46414545669119	2.11902410314227	0.154453592679872
TR40439_c0_g1_i3	0.382943869568991	0.366252263699564	0	1.29983076182237	3.81434533496322	0.018634174139051
TR35685_c1_g2_i2	0.946356571633634	0.0243196791954129	0	2.36120689023873	1.81639490916912	0
TR39573_c1_g1_i4	4.44320879468009	0	0	0.12565110166152	0	6.06153860848151
TR37999_c2_g1_i1	0.851998837112446	0.762136169901112	0	4.34020617991171	2.29337048420475	0.108357178090419
TR36295_c0_g1_i2	0	0.827006009638977	0	3.34198574722862	3.40067454196401	2.03104224335857
TR37528_c4_g1_i3	0.734655433479005	1.03984026453179	0	3.19140472885276	1.83349733685984	1.03562390973072
TR33502_c0_g1_i4	0.473007567916174	8.03121873061072	2.91418179500227	0.379620962055708	0.345964030342872	2.42411588811098
TR33588_c1_g1_i1	0.235114320376357	4.56236455196523	4.28961317596151	4.40551591944382	3.15380533607904	0
TR39433_c1_g3_i2	0	0	0	2.67333027851733	3.50589092972996	6.09982117869224
TR38523_c2_g2_i5	0	0	0	1.1839628348426	0	0
TR40253_c2_g2_i3	9.11282521649213	4.44685171502118	0.554834395894193	0	0.189033824390017	0.955312803444705
TR41435_c3_g1_i4	0.0157829972409275	0.116364756691785	4.96194738897745	2.70907002328453	2.46571331959596	0.343692069179019
TR38339_c8_g3_i1	0	0.00144197417390632	0	1.03139519627553	0.0607391578576785	0
TR32764_c0_g1_i2	0	5.45972668517398	0.407080775450501	0	0.202887833470143	0
TR40427_c3_g3_i12	2	1.29454723389552	1.97489636376201	0	0	0.374065718222538
TR37480_c2_g1_i4	1.59072177000984	2.38211385993393	0	2.50182126542091	3.00414179725778	0.246104009883917
TR42148_c0_g1_i2	1.23266075679027	0.385154896884344	1.98112198979431	3.12201002012581	0.892973815273334	0
TR29606_c0_g1_i2	3.4512770620982	3.00468115611791	0.296310560708092	0.661749599810705	1.2654368960491	0
TR42521_c0_g1_i5	0.177598929327733	1.22280456104526	0.669933835668961	2.31034012061215	1.74200621086674	0
TR37552_c1_g1_i4	3.15914476194039	4.70215882988446	3.21459111846607	4.80271021929134	5.12701414158281	0
TR33065_c0_g1_i3	0.273814244587037	0.130930869826449	3.4262647547021	0	0	3.17248751551013
TR34660_c2_g1_i6	2.51273256301436	0.195347598322219	0.624802765252947	0	0	1.00432160595009
TR42687_c3_g2_i4	0	0	0.364012053558615	2.06557231159362	0.249748715083569	0.10701824988212
TR42348_c0_g2_i9	0	0.356143810225275	0	3.32452261159581	1.52255799287044	0
TR29200_c1_g1_i4	0.0894981508391026	6.92333937163215	1.22589186169034	0	0	0
TR41937_c2_g3_i13	0.0579700686373299	0	0	2.94054264809852	2.6095185904113	0
TR42443_c3_g4_i10	0.725959234509188	0.153156788061421	0	2.50994914630431	1.12035194036522	0.130930869826449
TR31699_c4_g3_i4	0.851998837112446	0.968643755964717	5.71064115129168	0.377401430785794	0	0.206643223983395
TR39883_c0_g1_i1	2.17024556472346	0	0	3.13504228623365	3.96439863220318	0
TR38568_c3_g1_i3	8.06168980607549	2.68997002548213	2.59550366050274	0.29983076182237	1.0100636833447	0
TR30338_c1_g1_i2	0	0	5.39066768555967	3.40884770162469	5.12540313780502	0
TR36920_c5_g3_i2	2.40381306161659	0	1.88635504352516	5.49015292075925	3.77125175187814	0.0200576523412535
TR39618_c0_g2_i3	0.336854639125465	0	0	1.71193535697892	0.178873958169795	0
TR37438_c0_g1_i2	1.85159914323515	3.90775595305177	3.45667475025585	4.12350066435096	3.29337048420475	0
TR31685_c1_g1_i3	0.700439718141092	0	1.07244885006969	3.43282581821718	2.57482812358744	0.593592805864596
TR40209_c8_g1_i5	0.745022149037265	9.71110079609179	9.30732378027267	1.29160355803056	5.91793293563118	2.4262647547021
TR39495_c0_g1_i7	0.446785562143122	0	0	1.9938554797021	0.593592805864596	0.340277404766254
TR32319_c2_g1_i3	1.13619138628714	10.5215337012666	0	7.69276194306377	9.27167778205537	0.24000896473507
TR43046_c0_g1_i4	1.04334450487717	2.07895134139482	1.61164454337366	5.0521984996627	3.40340407648532	0
TR37411_c1_g1_i6	0	0	0	2.41034110461409	5.36068031435383	0
TR41739_c1_g2_i2	0.0257375614136083	0.469885976274464	0	2.59765035104811	0.35727047567956	0
TR38644_c2_g2_i1	0	5.93762687657646	0.167357927738514	1.95642843312336	2.15283240468942	1.99602712342508
TR24225_c1_g1_i1	8.53960861362833	1.2424500736777	0.359521170427595	0	0	5.41352638679689
TR34956_c0_g2_i1	4.83207985267166	0.651683180632109	0	2.24061962931176	4.50849203844346	0
TR41198_c1_g2_i2	1.74717253703546	0.84799690655495	0	0.959028218943694	0.478195257939166	1.15574923267794
TR32909_c5_g3_i3	0.0772429989324604	6.59639850311473	2.07210580048042	0	0.236339539168374	0
TR32915_c0_g1_i2	1.76850194743426	3.76892533556375	0	3.80219321694183	4.45246365164355	0
TR39073_c2_g2_i8	0	0	2.29425313644451	0	0	0
TR38523_c2_g2_i1	0	0	0	1.24610400988392	0.0827025893302493	0
TR14083_c0_g1_i1	0.037030730944967	5.66715413022992	0.367371065648529	0	0.2904244038653	0.175045486110914
TR41936_c2_g2_i2	0	1.1243281350022	1.64708421262895	2.94691796798583	1.47196778766152	2.12664253111817
TR39645_c0_g7_i1	1.94035471153329	2.34056226902641	2.30801131455218	5.76383645889095	3.83905258069301	0
TR33699_c0_g1_i2	1.48594198341242	3.70995227069982	1.95046841415012	0	0.455228571117139	1.57434375392001
TR41950_c0_g1_i1	1.82984955984469	0.809825996097451	1.67581593117227	2.81393507048132	1.1479578813871	0
TR41441_c0_g1_i7	0	0.142740172116082	0.296310560708092	4.68122435377956	2.24883840164025	0.29983076182237
TR29872_c0_g2_i2	3.98741182744001	0.305678743242287	0	1.58784500925428	4.13109555164169	0
TR42730_c0_g1_i9	0	0.0935601761623378	0	1.90303827011291	0.537047519404657	0
TR35066_c0_g1_i2	8.28158698397996	2.21723071622067	0.144046369616707	0	0	0
TR37159_c4_g1_i1	4.52707033551266	5.91845779492556	1.83228243570098	0.669933835668961	6.33354896223453	8.33966297473835
TR36475_c0_g1_i2	1.33742566428269	1.74803179557241	1.46727948045998	2.47326739592964	2.51374338459426	0
TR21000_c0_g2_i1	9.13476000112287	7.10240618357239	0.91226662806645	0	0	7.95492329203032
TR37904_c1_g1_i2	0.739848102699327	0.0989584800881688	1.83430670296291	3.73617189360605	1.28865386360517	0
TR28540_c0_g2_i3	2.90303827011291	2.18650055764449	0.206643223983395	4.68756464748911	7.67062792599299	0.379620962055708
TR41867_c2_g3_i2	2.3956112485038	0.714575238851626	2.56144834178548	3.58952381673924	1.93734439215023	0
TR39748_c0_g3_i1	0	0.992768430768924	1.91303299995214	3.95279947789994	1.49467161164755	0
TR39968_c0_g1_i4	0	2.17088647767976	0.994217647405994	1.88869454950954	3.50283975825593	1.16928366111573
TR39883_c0_g1_i2	2.16221003631431	0.236339539168374	0	3.22434903720271	4.76786663217663	0.195347598322219
TR36447_c1_g1_i2	0.0510240030244669	0.415758666522498	0.381837083906047	5.51273256301436	4.9027007017031	1.58159227883601
TR34930_c3_g2_i1	0	0.409255146684838	4.63436093169658	0.559736524432983	0.958285900923258	0
TR34930_c3_g1_i4	0	0.0412429822318813	4.17488574575302	0.0648828515848544	0.803227036434928	0
TR29597_c9_g1_i1	4.76457970566259	4.01212167271222	7.19618407165597	0	2.11136523092765	6.15657864099587
TR42027_c3_g2_i4	3.54039930563062	0.352758525040637	0	0.16349873228288	0.0799753767205959	0
TR39783_c3_g1_i5	2.56997709332457	0	0	4.49710136055116	2.66516534217078	0
TR37220_c5_g2_i3	0.35727047567956	4.83890135743951	0.843983844048327	0	0.0257375614136083	0
TR29194_c2_g1_i1	5.93454009025918	0.50182126542091	0.112366523072563	0	0	5.15202112702035
TR40381_c2_g1_i3	0	0	0.286881147788162	4.74679645043856	1.74631276642546	0
TR42939_c0_g2_i6	0.820485342986379	0.607862902831235	0	4.06203534108484	2.21381384618775	0
TR37707_c0_g2_i10	0	0.105678077894537	0.432959407276106	2.09895848008817	0.682573297347578	0
TR34018_c2_g2_i5	6.86429759318523	5.63060932629117	0.901494455047575	0.0426443374084937	0.0328061450832415	4.52418907844937
TR37735_c4_g2_i4	0	0	0	1.10835717809042	0.104336659814736	0
TR37005_c2_g2_i1	0.29983076182237	0	0	0	5.09119205151613	0
TR39808_c6_g1_i7	0	0	0.396159489073155	5.20547071420069	1.391767719956	0.130930869826449
TR36539_c0_g4_i1	0.217851096811131	0.672651629328385	0.687956494044482	3.18650055764449	1.72595923450919	0
TR41203_c0_g1_i5	2.88830489520849	0.32883646422954	0	0	0	0
TR39821_c3_g3_i2	0.0229004021100788	4.56016466922833	0.0172092900322231	0	0	0
TR36226_c0_g2_i6	1.30859386858428	1.16027483140859	0	2.53007074222508	1.65946793708479	0.24731993497982
TR34018_c2_g3_i1	5.53745138765307	0	4.3562142525993	0	0	0
TR42524_c2_g2_i2	0	1.799087306074	1.16800012451782	2.28806320032532	1.24305970607253	0.034215715337913
TR37552_c1_g1_i1	4.40606040972377	1.64754476970897	0	0	0.205392512989685	0
TR41072_c0_g2_i1	7.86845836332468	2.33342373372519	0.0496307677246004	0.6959938131099	1.76511036187958	7.65321769574361
TR38098_c0_g2_i3	3.37975956944794	4.40238110612346	0	4.6231059930332	3.28584605674942	2.45654333931247
TR38399_c2_g2_i3	0.324234562270531	0.0384361816561079	3.43549525193444	0	0.10701824988212	3.04159344865918
TR37230_c0_g3_i1	0	0.448900951145128	0.00144197417390632	1.55090066464752	0.117695042669755	0.221567788538409
TR24199_c1_g3_i2	0.177598929327733	6.69624425925945	2.05276365720956	0	0	0.242450073677701
TR12864_c0_g1_i1	0.100304905795685	1.10969486482593	7.30249270500418	0	1.05866283937856	1.42169458118029
TR36201_c4_g3_i11	0.063502942306158	4.80601465429897	0.860764202628828	0	0.0813396274519388	0
TR40631_c2_g1_i3	0.799916202989014	5.31400763744685	4.67434765410252	0.0384361816561079	0.549915553621955	0.873419503434857
TR43038_c0_g1_i6	0	0.713695814843359	0.00288250853312136	2.85618895081904	1.22774107583913	0.0468402542029724
TR37511_c0_g1_i5	0	0	0	2.83086375675176	3.51740168727463	0
TR42101_c0_g1_i7	0	0.565597175854225	0	1.74243744537627	1.20851725980554	0.232660756790275
TR30962_c0_g1_i1	3.36611235243137	4.27664554289562	3.16108148227718	0	0.319617934200161	3.7266132708064
TR38874_c0_g1_i2	2.87243479584022	1.49467161164755	0.0157829972409275	0	0	1.734655433479
TR33405_c2_g1_i8	0.0690146779151805	0.38404980679516	6.68564586245174	0.497740088609093	0	0.682573297347578
TR39783_c3_g1_i2	0	1.49825086752783	2.37656822542571	4.87666427810982	3.32898003740385	0
TR10414_c0_g1_i1	0.0271540515037266	4.57664306286428	0.741574847418796	0	0	0
TR42248_c1_g1_i2	0	1.25761413004954	2.75017770559306	0.660837367696284	0.496717987935177	0.0143552929770701
TR42535_c0_g1_i6	0	0.0908534304511135	0	1.70796645477598	0.111031312388744	0
TR3469_c0_g1_i1	4.32804655627074	0	7.42649959292012	0	0.984771612385425	0
TR40309_c4_g1_i5	0	3.08014597862949	0	1.73074862941621	3.76415504010918	0.871055075086629
TR36983_c2_g1_i4	0.843179890257174	0.900721927564115	1.40053792958373	3.50449327710845	1.8682916687728	0
TR32366_c2_g1_i8	0.12300395405482	7.84611717333673	1.13224779829844	0.32077347694587	0.272620454662992	5.46483160637989
TR30355_c2_g1_i1	0	4.50322150777284	2.54349588342577	2.93640237772506	3.05119806287156	3.19833698875621
TR2108_c0_g3_i1	0	0	0	0	0	4.65609588415169
TR42538_c1_g2_i3	0	3.06626144226872	0.899175630480513	0.14535138557262	0.465713319595964	1.49108345371826
TR42549_c2_g2_i2	0.237563718317676	0.293958979028694	0	1.46362245685189	1.07313470463022	0.10969486482593
TR42533_c5_g1_i5	5.12461763764156	7.77855028220223	1.72027846523333	5.91719303692495	0	3.1948750225553
TR29801_c3_g1_i5	0	7.83182025158571	7.01211049591775	4.18324829528156	7.58804746908961	7.21982678142598
TR42078_c1_g2_i2	0.9701173976055	0	0.32883646422954	4.79290739669939	1.36513259345253	0.037030730944967
TR32001_c1_g1_i2	4.96217881634138	0.61635769699669	0.094911647025467	0.0731347046302154	0.499782120147312	7.14308724618883
TR42837_c1_g1_i3	0.91456452349394	0.325386414659774	1.17696099208944	2.60975496217244	1.13487805434311	0
TR7660_c0_g1_i1	6.24180205687058	5.74982921234044	1.22835695420105	0.0285691521967709	0.0440443327060212	0.535057594894842
TR34437_c0_g2_i1	0	0	0	1.8471951865894	0.517023672064581	0.16349873228288
TR42078_c1_g2_i5	0	0	0	4.51803149260217	1.07860983469637	0
TR35351_c0_g1_i2	0.63876894441695	3.6815617079354	0	2.29425313644451	3.397939833457	0
TR40986_c1_g1_i12	0	0.542010355536609	1.0799753767206	2.89375050172057	0.905350899580958	0
TR36728_c2_g3_i1	0.331131922217202	0.0299828662157143	0	3.44042072075677	5.6000318224388	4.74566760205268
TR37016_c2_g1_i6	0	0.881273061429249	0.648005179810493	2.30946725880824	3.28466218548317	4.54603012698895
TR40138_c2_g1_i2	0	1.08338358771008	1.56754544764375	3.42599632135108	2.27560307933685	0.881273061429249
TR36539_c0_g4_i4	0.704871964456353	1.9137989649507	0.931304843650669	3.47651130394043	3.24595194716537	0
TR39321_c0_g1_i4	2.68997002548213	0.0827025893302493	0	4.63290797868549	5.00813725229196	1.94822704387917
TR39321_c0_g1_i6	0	4.30092906550743	0	4.6422394657944	4.1844389980157	0.500802053057158
TR41945_c6_g2_i5	0.00144197417390632	0.16478627814334	0	2.67265162932838	0.142740172116082	0.177598929327733
TR41739_c1_g2_i6	0	0	0	2.38901605968851	0.270229907237998	0
TR5945_c0_g1_i1	0	5.4631973798335	0.0593552776164212	0.0717626693000913	0	0
TR41102_c0_g4_i1	0.264236151043547	0.460480470040011	0.147957881387101	2.11303366529989	0.716332480287987	0
TR40381_c2_g3_i5	1.67219901911577	2.93092653106403	3.80725186873131	0	0.605968358841458	3.71907389228014
TR27755_c0_g1_i2	8.10357631857014	2.20069266615472	1.60074549796208	0.0867837661420666	0.374065718222538	0.592636428606577
TR42506_c1_g1_i9	1.24731993497982	0	0	2.89936900827598	1.50233060171601	0.35501626421955
TR42740_c1_g1_i3	0	0.037030730944967	1.26303440583379	2.13684760419288	1.02431967919541	0
TR23191_c0_g1_i1	0	0	0	0.0313951962755343	0.470927257475127	4.22017515096923
TR44020_c0_g1_i1	0	0	0	5.01542620360961	4.67688795866746	0.0524158941511385
TR41435_c3_g1_i8	0	4.07150526734736	5.32858517678881	5.92481250360578	4.87149870067285	0.260627908126699
TR42435_c0_g1_i4	0.398350370345965	0.181420640280142	0	2.63552224145975	0.427606172781899	0.070389327891398
TR35851_c4_g1_i1	0.244887059123534	8.48632822991177	1.48851500895781	5.33217085041511	6.58386503404827	7.01895680399952
TR39227_c3_g3_i3	2.09828479572342	0.599317793698226	0	3.62117275268344	2.12532047371441	0
TR41994_c1_g1_i3	0	0	1.80982599609745	0.0496307677246004	0.0840642647884745	5.81624129206405
TR33756_c2_g4_i2	0	5.79516951012132	3.47157767678234	2.48697174437041	3.74189838209574	0.0468402542029724
TR24679_c2_g1_i1	0.248534836138679	0.604071323668861	7.58691482866512	1.26903314645524	0	1.21101219348551
TR40033_c0_g1_i5	3.76712507726907	0	3.46701857168978	0.489542935642474	3.50474749649957	0.314986485468515
TR41728_c3_g1_i3	0.481298941547565	0	0.15704371014558	3.57288966842058	0.600269753509005	0
TR43104_c0_g1_i8	0	0	0	2.01827808502435	0.133563525741106	0
TR30866_c0_g1_i1	1.49262232857445	0.892973815273334	5.98577364213051	0.789937868980195	0	0
TR32355_c0_g1_i1	4.10257415365535	0.0935601761623378	0.0214797274104514	0	0	4.61876723364562
TR43139_c1_g1_i3	0.10969486482593	0.780730036476377	0	1.96938076494161	1.91762270172628	0
TR40065_c1_g2_i3	3.63133714412748	0.809825996097451	0	0.347098670622268	0.142740172116082	0
TR41721_c0_g3_i1	0	0.169925001442312	0.552868871011303	2.41006969175638	2.08065766334523	0.100304905795685
TR35884_c1_g1_i8	1.04334450487717	3.10919337763906	1.97856174947575	0	0	0
TR30429_c0_g4_i1	0	0	0	0.6959938131099	4.23710477285782	0
TR32775_c8_g1_i3	2.83289001416474	0	0	0	0	0
TR38547_c0_g1_i6	0	1.9061209529971	3.42384705459843	3.28021399581062	1.70752479089961	0.390667685559667
TR39177_c2_g1_i2	4.21062264439691	2.69465736554709	1.17632277264046	0	0.0100636833446975	1.25580283660272
TR23345_c0_g5_i1	0.511973981781801	9.14687156535449	8.93890913108715	7.75215983458842	5.30928534610913	10.320599753269
TR41945_c6_g2_i3	0.12961273813047	0.0496307677246004	0	3.3212065669699	0.0935601761623378	0
TR42325_c1_g3_i2	0	3.14290351149252	0	3.92533486649063	3.3382817784652	1.6955484681331
TR38360_c0_g1_i3	0.241230035515445	8.41665398972289	7.80671071796524	3.33098856304375	6.93626102249453	8.08099335783994
TR39467_c3_g8_i6	2.21971063954878	12.717448520933	6.29717307088664	2.20006486151431	2.120020095616	12.3629240566624
TR41937_c2_g3_i20	1.29219277390189	1.01578299724093	0	3.07090448413358	1.78031009904338	0
TR28414_c0_g1_i3	0	0	5.06570154867168	0	1.5089356618644	6.06768173552791
TR17601_c2_g1_i1	4.51607820047894	3.78282789207489	6.70930442288073	0	2.19187844254636	6.19318035374262
TR30303_c1_g1_i3	2.70730390824728	4.14167801516415	2.53057020390253	0	1.04893364519792	3.66197756774053
TR21509_c0_g1_i1	0	1.92827556161193	0	4.24967287756465	4.7192382114634	0
TR38523_c2_g2_i7	0	0	0	1.11636475669178	0.22650852980868	0
TR32951_c1_g1_i2	0	2.98404242609702	5.10567807789454	4.6378420603241	5.13311137976394	2.81516551408758
TR42501_c1_g1_i5	0.381837083906047	0.463622456851893	0	1.4157586665225	0.533064921869638	0.133563525741106
TR26787_c0_g1_i3	0	7.07502982509121	1.44148347958264	0	0.553851968181126	1.54250570147826
TR35981_c0_g1_i4	4.91241035380827	0.255802836602718	0	0	0.063502942306158	0.0551956542421246
TR43261_c1_g1_i1	0.169925001442312	0	0.24000896473507	2.38956681176273	0.308011314552178	0.375178479589612
TR40140_c2_g1_i1	1.16027483140859	0.619178216059069	0.69421160776789	3.95958470691236	1.73595535401226	0
TR28103_c0_g1_i2	0	5.89292525848418	4.41176518500698	3.52556778890135	2.4905701304462	2.55114683733661
TR37480_c2_g1_i2	0.545968369105292	2.46205231879643	0	2.6156517047923	2.89005751138785	0.455228571117139
TR41950_c0_g1_i6	0	0.0935601761623378	1.2904244038653	3.16027483140859	1.13093086982645	0
TR38167_c5_g5_i2	0	0	0	0.0384361816561079	0	4.70099449416827
TR33181_c1_g1_i2	2.14958455315814	2.41926920368406	0	0.375178479589612	0.00144197417390632	4.11943918357236
TR36133_c2_g2_i1	0	0.481298941547565	4.63063844605544	0	0.221567788538409	0.896078055397064
TR34323_c5_g3_i6	6.44334142580323	1.35275852504064	4.20343610380364	0.191562650700756	0.344828496997441	5.21951704897365
TR33935_c3_g3_i4	0	0.206643223983395	0	3.88537912855803	4.11736258615466	0
TR39791_c2_g1_i5	4.34106064617679	3.19077286853788	0.01292617444427	0.668119124686432	0.951587794814754	2.58062791045726
TR32355_c0_g1_i3	0.137503523749935	7.92896244083598	2.22712493444993	0	0.442545456105304	0.0648828515848544
TR40810_c2_g1_i3	0.13224779829844	6.89707097157502	2.33742566428269	4.08627424996482	4.62620548295304	1.6544355408454
TR32747_c0_g1_i2	5.0207244245678	3.80446664273278	0	2.59383180115064	3.7982579326445	2.15218341905505
TR29801_c3_g1_i1	9.21134322752997	7.26019506479553	3.78303750995262	1.13093086982645	2.82964663487904	1.14339341869319
TR28261_c0_g1_i4	7.32069225809043	8.86542707156677	5.91080460301348	1.13684760419288	4.37656822542571	2.99059187258758
TR38555_c2_g3_i2	0.258217389536018	0.0510240030244669	0	2.51146803927587	0.288063200325316	0
TR40253_c2_g2_i2	0.270229907237998	9.35951018923322	2.89936900827598	0.818850560895434	0.621055503299739	9.79178314663615
TR37869_c3_g2_i5	0	5.23108674695662	0.583037623796664	3.69108744095189	3.78335187967405	0.932817102741851
TR41934_c1_g3_i1	0.729444006833663	0.216610068742442	0	2.01899017538475	0.314986485468515	0
TR43104_c0_g2_i3	0.2904244038653	0.0384361816561079	0	1.83592407425437	0.214124805352847	0
TR33685_c0_g2_i1	0	3.78114985171021	2.07621702161705	0	0.351628329102782	1.20288783347014
TR42448_c0_g1_i9	1.67581593117227	1.81925943011764	0	2.33856703700115	1.4662355621504	1.67626740826589
TR43115_c2_g1_i4	0.321928094887362	1.17440641852975	0	2.80177948162471	2.34369206917902	0
TR27580_c0_g1_i2	1.09356017616234	0.538041453333664	7.83960063214743	0.352758525040637	1.72987901212594	1.36793014143188
TR37914_c0_g2_i1	0	5.92633157983143	6.71425925755346	0	1.23388806017428	0
TR41889_c0_g1_i2	1.21225804420273	0.0607391578576785	0.570462931026041	3.50258520244744	0.799087306074004	0
TR40920_c0_g1_i7	3.10818988000466	0	2.02573756141361	0	0	1.53704751940466
TR37842_c0_g1_i4	0	0	0	2.70088355602827	1.08610437124329	0
TR40905_c2_g2_i3	0	0.781569544815974	0	2.51424852992186	0.725086724630227	0
TR34750_c4_g2_i3	3.92134111283835	5.73055844541981	6.111615619122	0.0648828515848544	0.630405471482323	5.54445447454392
TR34099_c8_g2_i1	4.33163356717103	0	5.72849197522901	0	1.27262045466299	2.24184018356467
TR39900_c1_g3_i1	3.08915913191124	5.16075887605024	6.04727662789158	0	0.562669826102702	0.466757615726172
TR38772_c5_g2_i3	4.1235834327765	2.8916136070392	0.984042426097024	0.0200576523412535	0.102993993323326	0.266636642513989
TR35997_c0_g1_i2	0.177598929327733	0.214124805352847	0	0.278579550458423	3.55973652443298	0
TR40705_c2_g1_i5	0.0271540515037266	0	3.76691313440974	5.34525442674739	6.28786010395828	0.155749232677945
TR41198_c1_g2_i10	0.636914580355878	0.243669080966863	0.65901117119815	3.19045683457367	0.359521170427595	0
TR42875_c0_g3_i5	2.03773362744651	0.149259365499623	0	1.43349363984688	0.401630466584741	0.0100636833446975
TR43033_c3_g2_i6	3.37559554392619	2.02856915219677	2.35642555908681	0	0	0.633198686374004
TR30755_c0_g4_i2	2.04788732939655	1.30217279974075	0	3.83905258069301	3.0408924306469	0.18269229751619
TR35269_c2_g1_i7	1.42384705459843	2.15055967657538	0	4.14934066928622	1.56559717585423	2.66357233541752
TR36844_c1_g1_i9	0	0.116364756691785	0	4.51102519398807	4.29763164289513	0
TR36006_c1_g6_i7	0	8.3525290256363	7.97267542426315	4.68678063494857	6.57889343952609	10.1239364385231
TR38303_c1_g2_i1	0.298658315564515	0.209141397838592	0	0.522055749160964	4.27426166125705	0.359521170427595
TR42513_c1_g1_i5	2.62737337344092	2.27351588970212	1.53605290024021	2.65099426933805	3.75167794568758	0.00288250853312136
TR41739_c1_g2_i14	0.191562650700756	0	2.7248685146864	0	0.388465097283154	0
TR39118_c1_g1_i10	0	0	0	2.01792190799726	0.939602720356044	0
TR32216_c1_g2_i1	4.42887936572906	6.28355142317431	4.4369613378336	0.0384361816561079	0.351628329102782	5.51257455814701
TR41838_c2_g1_i2	0.690640578615693	0.0229004021100788	0	2.4594316186373	0.499782120147312	0.0229004021100788
TR25458_c0_g1_i4	0	2.25308162540759	7.80165016500165	0.924479992359022	0	2.61988248507032
TR42237_c2_g3_i14	0.675364312749146	1.24671210053186	0.037030730944967	4.5528074051893	3.33127526714661	0
TR32319_c2_g1_i2	0.296310560708092	6.45718385463254	4.13463167144765	3.5033487351675	4.39609097039437	9.24583551331235
TR37159_c4_g1_i8	8.19655786762403	2.44757919654888	0	0	3.08116916664464	4.24450655139592
TR39524_c1_g1_i4	0.0257375614136083	5.20151624536669	3.24731993497982	1.3305584000308	6.21317228115546	0.0772429989324604
TR42655_c1_g3_i1	0.779890039340047	3.60774456669198	2.3138262963904	0	0.150559676575381	0
TR33384_c0_g2_i15	0	5.99405921022247	0	0	0.382943869568991	0
TR34881_c2_g2_i1	0	1.53704751940466	2.12994238397696	2.84317989025717	1.51752767033727	0.0426443374084937
TR35269_c2_g1_i2	0	2.44334142580323	0	4.62749011050785	5.06720845978444	0
TR34099_c8_g2_i3	0	0.49467161164755	5.39166462735492	0.340277404766254	1.07107616201096	0.74931972457408
TR29576_c0_g1_i3	0	3.44241275178282	0.68885174386588	4.94962830831499	8.60370051763169	2.00432160595009
TR43221_c1_g2_i1	0.364012053558615	0.538041453333664	0	3.48116975461747	1.49108345371826	0
TR35000_c0_g1_i3	0.470927257475127	0.14535138557262	0.908428650168787	2.13158948432814	5.66123654022343	0
TR36423_c0_g1_i1	2.24549566281992	2.79118894150336	0	4.56144834178548	3.56851859779254	2.4662355621504
TR38692_c5_g1_i8	0.32883646422954	1.7583031771319	0.34255474547732	5.70942850136835	3.83965731524464	0.0426443374084937
TR35978_c0_g1_i9	2.52531721225445	1.35670725293538	0.781569544815974	0	0	1.47508488294878
TR40715_c0_g1_i8	1.90226656908307	0	0.738983954700512	0	0.946356571633634	1.16478627814334
TR41838_c2_g1_i1	0.0299828662157143	0.172487515510134	0.42867840994823	2.64754476970897	0.570462931026041	0
TR41203_c0_g1_i3	0.037030730944967	4.69565981726609	4.53648813050128	3.70730390824728	4.82466603620963	1.699107384624
TR31452_c1_g1_i4	4.34049105823438	5.98688872041595	0	7.01767698527253	6.31894946359502	0
TR34635_c0_g4_i1	7.96212674842115	6.94888113665803	7.22059114881794	0.15704371014558	1.71149490665009	6.11954293502263
TR14920_c0_g1_i1	0	4.63778411029132	1.22774107583913	4.69949610901621	5.59630904382589	1.42974985080022
TR36075_c1_g1_i2	0.0840642647884745	0.158337027167101	0	1.51752767033727	0.343692069179019	0
TR31567_c1_g3_i1	0	0.641546029087524	0	5.51409069100603	3.63377992607442	0.0758748669751276
TR42414_c4_g3_i3	0.137503523749935	0.130930869826449	0	3.70597790168252	2.03632749181777	0.146655222119465
TR38604_c0_g1_i2	0	0.0717626693000913	0.0229004021100788	3.18237448827581	1.98841202572479	0
TR34323_c5_g3_i5	2.63529005427958	1.46048047004001	4.32459461494177	0.0398402645317911	0.402722176845605	1.61917821605907
TR33864_c0_g1_i3	4.76479199157246	0.697773819555186	0	0.329984649758421	2.34851571723545	0.60502015306241
TR42586_c1_g1_i7	0	0.0840642647884745	0.219091058246197	1.62713987096555	0.762136169901112	0.20163386116965
TR7518_c0_g1_i1	0	0	0	2.20163386116965	8.26317528714252	0.231432408447965
TR43136_c0_g1_i3	2.75702324650746	1.01506932171765	0.0538064436957938	7.5699467230352	2.29572302453997	0.166072675946706
TR42474_c1_g1_i2	0	0.314986485468515	0	2.6667565918848	1.600269753509	0
TR37954_c1_g1_i1	0.211635253327149	6.94666068844152	0	0.199122642013601	0.388465097283154	0
TR36742_c7_g2_i2	0.0200576523412535	6.11411711386654	3.72541397767482	0	0.0854246562526777	0
TR33649_c1_g3_i1	0.35727047567956	0	0	0	0	5.2801026151571
TR34936_c5_g2_i1	11.5925084276917	5.58763502089218	3.63726245522174	0.332278283056929	2.7934797605267	2.96217881634138
TR34683_c0_g1_i1	4.00629802390037	2.40626454061069	0	2.43028527297778	2.18650055764449	3.2060180040209
TR39432_c2_g2_i6	5.15995204473292	9.52436932569589	7.38994533188868	1.32826202860941	0	6.85084941862185
TR42443_c3_g1_i1	2.31932890383941	3.13109555164169	0	0.332278283056929	0	0
TR23082_c0_g1_i1	0	0	0	3.8108543624115	2.07141945648989	0
TR40081_c3_g1_i5	1.33913738491959	0.228972569760161	6.08574331252888	0.0621217119077975	0	1.12300395405482
TR42236_c0_g1_i1	1.4070807754505	0.0593552776164212	0	4.06341665413717	3.44757919654888	0.00863030514344006
TR43033_c3_g2_i12	0	0	0.00144197417390632	3.27276973243651	2.51677160688688	0
TR41724_c0_g1_i1	0.61541629726287	0	1.33685463912547	2.5765221379205	0.591679416935737	0
TR35069_c0_g1_i8	0.543000877402426	0.31150311546827	0	2.58568366796481	1.88283865576725	0.449957483628004
TR37342_c1_g1_i1	4.44506452174342	0.497740088609093	0	0.178873958169795	0.712815854437372	0.327687364176047
TR42661_c1_g1_i13	0.176322772640463	0	0	2.4332265482899	0.183962834842595	0
TR24521_c0_g4_i1	0	3.36443235801633	0	5.31030376191204	5.78688382682641	4.20006486151431
TR36844_c1_g1_i7	0	0.00719550140420377	0.0813396274519388	2.76532256972595	3.03966482888484	0.0313951962755343
TR33286_c7_g2_i9	0	2.80219321694183	3.04684025420297	0	2.57579637532908	3.14698099722323
TR41537_c1_g1_i6	2.58014548442338	0.509949146304311	3.11236652307256	0	0	2.17120682741814
TR43095_c0_g1_i8	0.00144197417390632	0.370722275148167	0.00144197417390632	1.16156525639703	0	0.00144197417390632
TR43046_c0_g1_i3	0.325386414659774	1.25519856641969	0.0690146779151805	3.49607880709938	1.90765982785329	0
TR28590_c0_g1_i2	3.59000311742169	3.47767732756531	0.711054321812066	0	0.0621217119077975	0.768925335563751
TR43165_c0_g1_i1	0.269033146455237	0.0299828662157143	0.32883646422954	2.72704913033868	0.672651629328385	0
TR41472_c0_g1_i10	0	0	0	2.20006486151431	0.561692721398309	0
TR28142_c0_g1_i1	5.79327165449808	4.91365537748694	0.980390956061472	0	0	1.35501626421955
TR43257_c13_g2_i2	0.711935356978922	0	0	1.5089356618644	0	0.0143552929770701
TR42661_c1_g1_i16	0	0.00144197417390632	0	3.31135779237161	0.800744623936778	0
TR37083_c3_g4_i5	0	3.38612115681485	4.2177735638249	0.0172092900322231	0.856786546288081	1.10299399332333
TR8506_c0_g1_i1	0	0	0	6.98293655004793	4.29476776764656	0
TR37377_c3_g1_i1	0	0	0	2.17632277264046	0.0285691521967709	0
TR18130_c0_g3_i1	0.200378797984026	9.09384007680389	2.4406864838672	0	1.39780296186249	0.243669080966863
TR33626_c0_g1_i3	0.906890595608518	1.50182126542091	0	1.96753753607086	1.18713429147454	1.20288783347014
TR39797_c0_g1_i2	0	0.242450073677701	0	2.03104224335857	2.99095486039699	0
TR40919_c0_g2_i5	0.0565835283663675	0.951587794814754	5.56781921247727	0	0.38404980679516	0
TR32690_c2_g3_i2	4.39896595671861	0.350497247084133	0	1.36289064266586	0.964953052900799	4.42572783804503
TR38937_c1_g1_i5	0	7.66650097366268	3.4070807754505	0	0	0.921436330806298
TR33580_c1_g3_i2	0.556797246592743	0	0	1.66630212817309	0.951587794814754	0.00288250853312136
TR36072_c0_g1_i8	1.45312244659581	1.27976842159359	1.09963185001446	3.50639883152745	2.67649309384177	0
TR43133_c1_g1_i2	2.21567859660793	0	2.62643913669732	3.42223300068305	1.50283975825593	0.947853143387017
TR43046_c0_g1_i1	0	0	0	3.65191274464578	0.0299828662157143	0.359521170427595
TR43183_c0_g1_i4	0	0	0.441483479582645	6.1924506391414	2.64293256935849	0.0243196791954129
TR40732_c1_g2_i1	0	0.421155960662223	2.04124298223188	0	0	0.00719550140420377
TR39467_c3_g4_i1	9.77072169865784	8.4954153575311	6.16920347352485	0.981121989794311	4.23058731187989	2.28095631383106
TR38451_c0_g1_i4	0	0.196607044094818	0	2.30946725880824	1.799087306074	0
TR41727_c0_g1_i7	0.254594043033141	0	0	2.81537048603378	0.227741075839128	0
TR40986_c1_g1_i2	0.946356571633634	0	0	3.12035194036522	0.564622052436981	0
TR41534_c0_g1_i11	0	0.24000896473507	0.614474282837701	2.86374026441626	1.16864203555884	0.0243196791954129
TR37016_c2_g1_i1	5.70633714881896	5.61941301059794	5.24933155938769	0.0593552776164212	0.77568270173906	3.16333770822547
TR41511_c1_g1_i2	1.72900887033786	0.563646269484064	3.91312876781974	0	0.0524158941511385	0
TR41419_c1_g1_i6	1.96790637029015	0.153156788061421	0	1.85559110771045	0.49364733397521	0
TR41394_c0_g1_i2	0.00719550140420377	0.183962834842595	0.246104009883917	2.03456789281821	5.21451341008002	0.0398402645317911
TR42477_c2_g8_i11	0.777367109450413	0.519038609600059	6.03779950643922	0.0328061450832415	0.733788168625182	0.387362540835996
TR30028_c0_g1_i1	5.23120197665604	0.727702672837238	1.12697285625777	0	1.29924465779607	0.695102985640479
TR42862_c2_g1_i1	2.01077983875324	0	0	1.74416109557041	4.74781702891167	0
TR37056_c1_g2_i2	1.27262045466299	1.3533232911629	0	1.94410879910795	1.00288250853312	0
TR42942_c0_g1_i4	0	0.283329168051641	0.517023672064581	1.74588268890226	0.576280257621355	0.192825403552391
TR31169_c1_g1_i2	0	1.83632813392398	1.81229284487327	3.36443235801633	1.64662350847658	1.37851162325373
TR39504_c0_g1_i4	0	0	3.88176249219043	1.70929063572336	2.64038956005495	0
TR32366_c2_g1_i4	5.93609609055216	9.18681993487772	8.59256542220234	0	1.22218630732211	7.29850252834456
TR36295_c0_g1_i1	0	3.61140848102496	1.52004502403982	0.831877241191673	1.30801131455218	0
TR23157_c0_g2_i1	0.034215715337913	4.77489245812846	4.42149262205056	2.30217279974075	3.50512874161279	6.06998136536754
TR32216_c2_g1_i3	4.56065382203349	6.71847122843582	5.44575980445338	0	0.839959587489532	5.11711319348224
TR30991_c4_g1_i2	9.8059856443569	10.1738395084258	2.89569039046369	0.235114320376357	0.789103217501381	8.41644287865419
TR37618_c0_g1_i4	3.79399989430343	0.532067552289031	0	0.0299828662157143	0.43722773891291	1.70310069960416
TR41442_c1_g2_i1	0.448900951145128	0.216610068742442	0.883620816285671	2.74179054526489	0.610700062134765	0
TR36754_c2_g1_i3	2.95177427384828	0	0	4.05319824318173	3.52431447022215	0.773996325111173
TR36856_c3_g2_i3	1.40979822782842	0.0412429822318813	0	0.971589535530062	4.06729452146853	2.11835972595306
TR36061_c0_g1_i1	0	3.47456583453847	0	0	0	0
TR42939_c0_g2_i2	0.789103217501381	0.267835392097615	0	3.25338423580007	0.633198686374004	0
TR38826_c0_g1_i1	2.37211631819884	1.62573806190865	0	2.88205607096863	2.720059526764	0.645240512645265
TR31665_c1_g1_i3	4.66277517193778	1.20851725980554	4.27232185276999	0	0.248534836138679	3.7868054329789
TR24655_c0_g1_i1	0	0	0	2.53804145333366	0.0908534304511135	0.0100636833446975
TR39323_c3_g1_i2	0	0	1.84438565300257	3.61800366984025	1.07382023329167	0.0313951962755343
TR23860_c0_g1_i1	0.0440443327060212	0.070389327891398	0	0.0840642647884745	3.69086402708526	0.197865391353738
TR42160_c0_g1_i4	0	0.0524158941511385	0	1.48129894154757	0.272620454662992	0
TR39139_c4_g2_i2	0.909197062991688	0.128293401009818	0.947853143387017	2.5268200197246	0.882056070968626	0
TR41300_c1_g1_i8	1.14665522211947	0.525066592078211	0	3.08253228949639	4.24511531559753	0.0827025893302493
TR43241_c4_g2_i2	0	0.286881147788162	0.504874589398464	1.98404242609702	0.774839759827326	0.199122642013601
TR35146_c2_g1_i8	0	3.90081851612512	6.87611170721937	1.54002726925751	2.60122108558495	2.57482812358744
TR36006_c1_g9_i1	0.258217389536018	8.63398693615882	8.38538789375414	8.43422788676627	8.6962338248712	8.48038631110413
TR27574_c1_g1_i1	0	0.604071323668861	5.38667301492272	4.36071542539293	5.51806297565252	0.402722176845605
TR38547_c0_g1_i3	3.57543335707406	2.34056226902641	0	4.20968729720921	2.91111630637822	1.98841202572479
TR43258_c2_g1_i1	0.0962618530584035	0.116364756691785	0	2.42277121932047	0.447843644362085	0
TR31595_c1_g1_i4	0	6.74734711534939	6.1534810985137	4.45002349122488	4.65030502892003	0
TR37458_c0_g1_i1	3.30903062978875	2.37934370731461	1.83106651060507	3.89704676223591	4.07124781946144	0
TR34488_c0_g2_i3	0.101650076094435	0	1.49364733397521	0.037030730944967	0.0384361816561079	5.68375258920821
TR35254_c0_g1_i1	0	0	0	0.264236151043547	3.85359650620251	0
TR36006_c1_g1_i1	1.27917410848905	9.73639009203725	8.2824490720311	6.33125734980931	8.68518329171398	12.2892169027818
TR42638_c1_g1_i6	0.0143552929770701	0	0.557777671394926	3.08508467862865	0.94335876267781	0.0412429822318813
TR35856_c0_g1_i1	1.45628048151073	0.724213686757358	0	1.62527048937469	6.77929912337691	0
TR33405_c2_g1_i15	0.270229907237998	0.693319678811575	4.96716860753263	0.0565835283663675	0.232660756790275	0
TR34323_c5_g3_i3	0.180147861158429	6.75563537238322	0.932817102741851	0.0593552776164212	0.55581615506164	0.126972856257766
TR42291_c2_g2_i1	0	0	0.819668183496456	5.35049724708413	8.66639800352705	4.89646561618943
TR40852_c1_g2_i4	0	0.878921479749851	0.712815854437372	3.13142485888825	1.50283975825593	0.448900951145128
TR43046_c0_g1_i2	0	1.53057020390253	0	3.03878733050557	1.24061962931176	0.273814244587037
TR37921_c0_g1_i2	5.51859808241889	0	0	1.71193535697892	3.86324468025389	2.48026512205446
TR38357_c0_g1_i8	0	3.07193424509156	2.605257262939	0	0.260627908126699	2.76786663217663
TR42523_c2_g1_i4	1.07929276727285	0.313826296390398	0.216610068742442	2.77251912681255	0.958285900923258	0
TR36400_c1_g2_i3	9.1286388128526	2.70642003930195	0.397255345594427	0.169925001442312	0.231432408447965	0
TR1985_c0_g1_i1	0.0922074380970889	6.87715527462305	1.64385618977472	0	0.149259365499623	0
TR42234_c1_g1_i2	0	0	0.511973981781801	1.70531444108638	0.22650852980868	0
TR31158_c0_g1_i2	0	0	3.27411253778378	0	0	0
TR42501_c1_g1_i7	0	0	0	1.34369206917902	0.159629185821228	0.0243196791954129
TR38937_c1_g1_i6	0.973794929652606	2.21225804420274	1.89646561618943	0	0	10.3879892924832
TR39815_c1_g2_i12	0	3.65958210596396	0.24731993497982	2.80053756329187	3.02183502726224	0
TR42340_c0_g1_i3	0	1.09356017616234	0	3.2127249609901	0.763836458890951	0
TR36593_c0_g1_i2	6.67366948343465	8.05439810703578	1.96864375596472	0.583037623796664	1.00934717225925	0.434027674663597
TR41402_c1_g4_i2	0	0	0	3.22357700580371	0.551885103471725	0
TR42115_c0_g2_i2	0.441483479582645	0	1.08542465625268	3.50550988600518	1.08338358771008	0.0271540515037266
TR31510_c1_g1_i1	2.54250570147826	0.0786098346963665	0	0	0	0
TR41537_c1_g1_i11	0.965691949224704	4.16019414151004	0	2.64477921926295	4.64898306368977	0.0717626693000913
TR4715_c0_g1_i1	7.56715752518069	6.58745500653756	0.794103898559748	0.192825403552391	0.818850560895434	5.54448538623609
TR36275_c0_g1_i1	0	3.77694619185709	0	0	0.643394453479892	0
TR34426_c0_g2_i3	0	2.70818723602071	0.173767067736707	0.137503523749935	0.0827025893302493	0.0200576523412535
TR37480_c2_g1_i5	1.18966644665005	1.59167941693574	2.42492208821069	3.0536326982821	3.24853483613868	0
TR39379_c3_g3_i6	6.14856809825616	2.09186905530185	0.485426827170242	0.146655222119465	0.381837083906047	0.130930869826449
TR41216_c0_g1_i7	1.92827556161193	1.56462205243698	1.66721091248087	4.51026571423854	3.22234089559345	0
TR27145_c0_g1_i1	0	0.160920188181103	0.360645202460216	2.18459768415576	1.02998286621571	0.00575926928868495
TR41072_c0_g4_i1	0	0	6.45756146117517	0	0.614474282837701	0
TR42615_c0_g1_i5	3.53704751940466	0.0496307677246004	0	0	0	0
TR41776_c1_g1_i5	0.898401859992193	4.12755074332373	3.59562300492444	0	0	0
TR35269_c2_g1_i6	0.10701824988212	1.19660704409482	0	1.96162332828694	3.7057567820498	0.034215715337913
TR42723_c0_g1_i2	0.00719550140420377	0	1.49774008860909	0	0.200378797984026	0
TR34723_c2_g3_i4	0	0	1.8265993302731	1.6144742828377	1.59741198755465	0.0935601761623378
TR43012_c1_g1_i1	4.95424284818598	4.39526849232132	0.0229004021100788	0.0271540515037266	0.0412429822318813	3.48516918005091
TR42237_c2_g3_i11	1.20539251298968	0.550900664647523	1.49927188316909	3.90352037372338	2.22156778853841	0
TR41169_c1_g3_i1	1.25580283660272	0.685267406516842	1.06557231159362	4.33685463912547	1.87617311443746	0
TR38919_c0_g1_i6	0.606915941825205	0.293958979028694	0	3.49927188316909	1.92333937163215	0.284514133244245
TR31989_c0_g1_i3	0.0299828662157143	1.1407786557828	5.32704059295812	2.15477761178082	3.70110542377817	0.0717626693000913
TR34110_c2_g3_i1	0	0.561692721398309	0.502839758255932	3.62187604894739	5.77172714795999	0.10701824988212
TR36503_c1_g2_i6	9.86904935638091	3.14812063112396	1.67084033588156	0.220329954879556	1.12961273813047	2.88966822508196
TR37458_c0_g1_i6	0	0.963474123974886	0	3.00108161572545	3.43242497680476	2.23480785302717
TR34293_c0_g1_i1	0.181420640280142	0	0	1.90110824301451	4.64293256935849	1.83430670296291
TR43251_c1_g2_i1	3.26858410509428	3.00880955531959	0.314986485468515	5.34702778174228	4.24762375619625	0
TR43236_c1_g1_i4	0	0.0524158941511385	0	2.11002909279937	0.283329168051641	0.034215715337913
TR32591_c1_g2_i1	5.09326437307446	5.53499536550579	6.78574669889791	0	1.65489375747332	1.13881446890228
TR42078_c1_g2_i6	0.0731347046302154	0.593592805864596	0.0398402645317911	4.85514256274206	2.88225175696972	0.117695042669755
TR37880_c0_g1_i3	2.43295940727611	2.49569516262407	5.48928602262588	0.0607391578576785	0.669933835668961	0.31150311546827
TR42906_c0_g1_i5	0.0243196791954129	0.0758748669751276	0	2.42277121932047	0.336854639125465	0
TR31665_c1_g1_i2	0	0.00863030514344006	0.158337027167101	0	0.200378797984026	3.97673022067715
TR28652_c1_g1_i3	4.75520806544462	4.56693689529116	0	2.1554254317472	3.66334461936608	2.81434533496322
TR36742_c7_g3_i1	0	0	0	3.38874060478726	7.41721961509909	0.367371065648529
TR40986_c1_g1_i14	0.149259365499623	0.291603558030565	0	2.84438565300257	0.312665173558394	0
TR19398_c0_g2_i1	0	0	0	4.32041246925165	0.0813396274519388	0
TR43742_c0_g1_i1	0.767231037023876	0.269033146455237	6.35210523848981	0	0.267835392097615	0.285698125958125
TR40503_c1_g1_i2	0.454175893185802	0.273814244587037	0.439357178474257	2.00144197417391	0.922958964236172	0
TR31197_c1_g2_i12	0	0.00144197417390632	0	2.14763232682386	0.0579700686373299	0
TR40253_c2_g1_i1	6.59948145650063	6.40765866251646	2.36176835941915	0.304511041809953	2.59215800212536	0
TR29033_c0_g2_i5	7.12603329579415	2.80920862427109	0	0	0	1.60928217991657
TR21746_c0_g1_i2	4.83263688756687	0.24731993497982	0	2.82334176176314	5.51554215807831	0.0579700686373299
TR39780_c5_g1_i1	3.89132196692348	0.306845500314283	0	0	0	0
TR26139_c2_g1_i1	3.07501912518547	4.41508258279445	0	1.63830557680709	2.37406571822254	6.79420789531891
TR33384_c0_g2_i4	1.57918014812715	0.167357927738514	0	2.25821738953602	5.55664399501346	0.0813396274519388
TR32366_c2_g1_i12	0.10701824988212	0.604071323668861	1.12498976997866	0.0468402542029724	0.168642035558839	4.90708294212449
TR38604_c0_g1_i3	5.81064874778265	6.13813866156746	0	5.07146236255662	3.81639490916912	5.09845324630927
TR35984_c0_g2_i1	6.3753522710491	0.884402552983687	0	0	0	3.48542682717024
TR42148_c0_g1_i4	0	0	0	1.76341157447001	0.124328135002202	0
TR39379_c3_g3_i5	0.724213686757358	4.90265247119608	5.41342483742219	0.0827025893302493	0.094911647025467	0
TR42714_c0_g1_i1	1.48697174437041	0	1.14274017211608	2.07244885006969	1.25035527176305	0
TR39565_c4_g1_i2	0	0	0	3.02130204466611	1.67446065156026	0
TR28460_c0_g3_i5	0	0	2.88811002858553	0	0.666302128173095	0
TR34316_c7_g2_i2	4.88508622529017	6.56952147184102	0.655351828612554	0.709290635723358	4.75033852024471	0
TR41419_c1_g1_i2	0	1.50589092972996	0	2.39369076418745	1.82252621903883	1.53505759489484
TR42799_c0_g1_i1	1.42277121932047	1.13553486976119	0	2.04159344865918	0.6915341649192	1.65535182861255
TR37436_c0_g1_i1	5.50563691176277	0	0	0	0	0
TR35226_c2_g1_i1	0	0.221567788538409	0	2.36541259249094	5.48661784693986	0.0607391578576785
TR41419_c1_g1_i5	0	0	1.26903314645524	2.33714017995587	1.69510298564048	0
TR40580_c2_g2_i2	0	0.269033146455237	0	2.95177427384828	1.84237548820629	0
TR27845_c0_g1_i1	0.063502942306158	0	0	3.39272956248757	1.8261925362366	1.24000896473507
TR39005_c0_g3_i2	0.938097561074093	0.257010618206024	0	1.85758295538415	0.996388746447621	0
TR16672_c0_g1_i1	4.23027988125897	2.79888000741126	5.54185552504452	0	1.90765982785329	5.22804904788446
TR25194_c0_g1_i1	5.06354608445538	0.367371065648529	1.32135090142462	0	0.0690146779151805	0.444667066841908
TR42427_c2_g1_i5	0.220329954879556	0.149259365499623	0	1.34482849699744	0.176322772640463	0.0143552929770701
TR43038_c0_g1_i7	0.250961573533219	0.112366523072563	0	3.88655014732434	2.03913839390696	0.0468402542029724
TR25615_c0_g2_i1	0	0	0	0.964213777946939	2.60809954599438	0
TR34997_c1_g1_i4	0.159629185821228	0	2.01149563883783	4.298071734934	2.13158948432814	1.94148196386898
TR36169_c7_g2_i3	1.52807116457874	0.723340120251171	0	0	0.10969486482593	0.303342394487331
TR38816_c0_g1_i8	2.54201035553661	1.86671019967403	0	0.941106310946431	0.186500557644495	0.608809242675524
TR29379_c1_g1_i3	0.140124223909071	6.31527638701493	0.094911647025467	0.15704371014558	0	0
TR5271_c0_g3_i1	0.272620454662992	0.743299527888257	7.63902952331062	0.518031492602169	0.895302621333307	8.5632344130223
TR42740_c1_g1_i2	2.14925936549962	1.59072177000984	1.34993137336011	3.64015815496328	2.96291913453127	0
TR36295_c0_g1_i3	5.1751652797733	0	3.73183491441663	4.75931565083873	0.352758525040637	2.94260833611166
TR40033_c0_g1_i1	3.89782125965936	0.586884812852185	3.4266673111036	0	0	0.799087306074004
TR35821_c0_g1_i1	0	2.91149984886111	4.53499536550579	3.57809337215042	7.33643514854359	0.295135249000818
TR38399_c2_g2_i5	1.67762099245359	0.348232419239271	2.79118894150336	0	0.58207422139633	3.95251994903785
TR40810_c2_g1_i5	0	5.92879667234214	0	7.11589678645179	8.40108856922115	0
TR29568_c2_g1_i2	0	3.48336436071335	0.440420720756767	4.50303064564116	5.74878322721157	6.80283944093511
TR33384_c0_g2_i12	0	6.34947143747169	5.09372917927164	0.717210299019596	4.31730406836191	5.09389816258555
TR42980_c0_g1_i1	0.454175893185802	0.67897330785417	0	2.7235585614721	1.02927618237063	0
TR39827_c0_g1_i2	0	0	0.0867837661420666	2.04893364519792	0.865522959139964	0.101650076094435
TR38353_c3_g1_i2	5.11399214208786	4.24701604976735	4.54744982914397	0.0717626693000913	1.89141918684608	2.70199255373134
TR41443_c1_g1_i3	0.812292844873271	1.00504061670053	0.509949146304311	2.85199883711245	1.8682916687728	0
TR37218_c3_g1_i2	0	0	0	5.41957259894807	1.24000896473507	4.04185624261982
TR27335_c0_g1_i2	0.646162657157894	6.71911497383057	7.07483721464519	0	1.1036654827657	0.785759774427011
TR29568_c0_g1_i2	0.0840642647884745	5.66192057913509	0	0	0	0
TR42661_c1_g1_i1	1.07792657868507	0.84478735007906	1.54794331129035	4.26716121802226	1.35445216057956	0
TR37384_c6_g3_i1	0.0976107966264223	0.388465097283154	0	3.41061246642075	1.72246602447109	0.624802765252947
TR40965_c0_g1_i2	1.36120689023873	0.898401859992193	0	3.46401472450489	2.89258531519265	0.0648828515848544
TR39900_c1_g4_i1	0	0.160920188181103	0	3.52079937440518	2.38183708390605	0
TR41823_c0_g2_i2	0.314986485468515	0.0243196791954129	0	3.02130204466611	0.212880566344385	0
TR34186_c0_g1_i4	4.90385775041946	0.387362540835996	0	0	0	0
TR39791_c2_g1_i8	3.4512770620982	0.0648828515848544	0.348232419239271	0	0	0
TR31956_c0_g1_i2	0.144046369616707	0.15704371014558	0	0.334568275666133	4.84217431759439	0.215367972203479
TR38301_c5_g1_i2	0	0.465713319595964	0.408168370708106	3.25866966866848	5.65532320342697	1.36120689023873
TR33538_c4_g1_i2	0.693319678811575	0.102993993323326	0	3.57046293102604	1.45995613965412	0
TR42676_c0_g2_i1	0	0	0	1.68750866072073	1.54300087740243	0
TR38763_c0_g2_i2	4.80265852739285	0.932061171343424	0	0.151858816727005	2	2.00180224263399
TR33502_c0_g1_i2	1.58062791045727	8.85603639981916	2.93640237772506	0.509949146304311	1.00144197417391	9.61148778752871
TR28726_c2_g1_i3	4.57100930294732	0.371837617330421	1.97929371044573	1.35558014737736	1.62246186738273	0
TR36615_c0_g2_i1	1.42115596066222	1.73552217729654	0.784085142734757	4.16920347352485	2.60691594182521	0
TR34930_c3_g1_i2	0	0.0328061450832415	3.23878685958712	0	0.0745054363636298	0
TR35856_c1_g1_i2	0.75702324650746	1.57966289701601	0	4.68234856099057	7.92617144019241	0.451013242943973
TR33756_c2_g6_i1	0	5.58787500509682	1.23817541857738	0	0.0412429822318813	0
TR41739_c1_g2_i7	3.56376827845203	3.19219416528334	0	2.26333493599651	3.47741829263492	3.02556040232443
TR30770_c5_g2_i1	0.00575926928868495	0.0313951962755343	0.524063675777211	2.68750866072073	0.431890348286181	0
TR42518_c1_g1_i3	0	1.96347412397489	1.33285112207215	1.98841202572479	2.9560566524124	0
TR41878_c1_g2_i5	3.56047040916651	0.326537348139952	0.00144197417390632	0.762986564880576	1.17184731357334	0
TR43238_c1_g1_i2	0.710172748279662	0	1.71105432181207	4.65001774820045	0.947853143387017	0.0799753767205959
TR38937_c1_g3_i5	7.7828802993997	1.37128005402265	3.82334176176314	0	3.58038671760526	0.345964030342872
TR42847_c1_g3_i2	0.648005179810493	0.10701824988212	0.126972856257766	4.7878503341913	0.799087306074004	0
TR29568_c2_g1_i3	10.2082782604795	7.63480379131048	7.64931366857766	1.0496307677246	4.95084163754915	7.21393046372921
TR34323_c5_g3_i4	6.91670354054964	6.28386622599804	0	0.502839758255932	0.840765337323874	5.63459326844576
TR33761_c0_g2_i1	4.76213616990111	0.150559676575381	0.0214797274104514	0	0	0
TR36235_c1_g2_i7	1.05935527761642	0.255802836602718	0	1.88127306142925	0.829443681366591	0.209141397838592
TR35000_c0_g1_i2	0.104336659814736	0	0	2.84819726695259	5.67657771683155	0
TR38209_c3_g1_i5	4.14608493861619	0	0.660837367696284	2.01970191444255	3.18966644665005	3.53555533339931
TR42816_c0_g1_i3	0.159629185821228	0	1.71764900817332	2.83491342970104	1.39451414195596	0.372952097911829
TR39467_c3_g2_i5	0.0854246562526777	7.28454189419638	1.21785109681113	0.146655222119465	0.22404027421793	7.06268299625346
TR37842_c0_g1_i3	0	0	0	2.73140049856243	1.32481060342048	0
TR42236_c0_g1_i2	1.33913738491959	0.0799753767205959	0.0100636833446975	3.43762724831895	2	0.0157829972409275
TR40738_c1_g1_i2	0.0356239097307212	0	0	2.91207497146824	3.13158948432814	0
TR32890_c1_g2_i2	2.72465027173297	1.7706176466562	0	0	0.272620454662992	0.216610068742442
TR36649_c1_g2_i2	0	5.92098398947769	3.57833494868161	6.54584484540635	6.19814050857275	3.47417642564478
TR42487_c0_g1_i1	0	0.470927257475127	0.34255474547732	2.69265037003553	0.790772037862	0
TR28434_c0_g1_i1	4.36800001067377	0.650764559116902	3.43762724831895	0	0.32883646422954	0
TR35016_c2_g1_i4	0.5489297694764	6.42199746687528	1.82089374922857	0.400537929583729	0.972325041557152	6.90551938389093
TR41114_c0_g3_i3	7.09595605770077	0.874993638932967	0.155749232677945	4.81075155876013	4.00306247423421	0.206643223983395
TR38937_c1_g1_i1	3.49556725845794	7.65600289819233	1.78910321750138	0.440420720756767	1.36904764345591	2.19786539135374
TR35226_c4_g1_i3	0.0538064436957938	0	0	1.10165007609443	4.64990281989314	0
TR39749_c1_g1_i2	0.0356239097307212	0.681674141792833	0	3.11869195279181	1.96014098031077	0
TR42798_c0_g1_i2	0.12961273813047	0.740711733399101	0.104336659814736	7.76117222590305	8.23476475083453	0.197865391353738
TR43038_c0_g1_i8	0.901494455047575	0.681674141792833	1.23388806017428	0	0.0257375614136083	0.00575926928868495
TR34919_c0_g1_i1	0.0243196791954129	0.0440443327060212	0	4.05874941233552	2.87538690458646	0.172487515510134
TR28082_c1_g1_i3	2.71325590173097	0	1.00791308164326	6.48983190811032	7.47139071126303	0.253384235800074
TR39528_c0_g1_i2	1.98185265328974	1.66857301647589	2.08542465625268	3.73443866613717	2.06488285158485	0
TR34947_c0_g1_i3	0.0214797274104514	5.0437381998014	5.77162151792327	0.0243196791954129	0.873419503434857	0
TR41745_c0_g2_i1	0.00432160595009347	0	0	1.64108355271207	1.41845983758099	1.23695175858808
TR31051_c0_g2_i1	0.474046599319306	0.455228571117139	0.857582955384148	3.16880246870228	0.987684677566761	0
TR40381_c2_g3_i3	0.820485342986379	0.10969486482593	1.56803210477128	0	0	0.303342394487331
TR42513_c1_g1_i7	0.276198865032242	0.84478735007906	0	3.05762355847813	2.40053792958373	0
TR36449_c2_g1_i2	1.81147103052984	7.31652592055844	2.92504996472736	5.11923165828526	7.06749889739501	0
TR42297_c2_g1_i9	0.43722773891291	0	0	2.72071624252113	0.518031492602169	0.272620454662992
TR39737_c0_g2_i1	4.77594602011408	0.742437445376266	0.566571640626761	0.0551956542421246	0.255802836602718	0
TR37735_c4_g2_i10	0	0	0	1.31324585178756	0.155749232677945	0
TR42435_c0_g1_i2	0.93432777831537	0.194087052116302	0	2.67671874411843	0.574343753920013	0
TR40732_c1_g2_i2	0.505890929729957	0	0.0114956388378294	1.94148196386898	3.99503219247754	0
TR31492_c0_g1_i3	0	0	0	2.80177948162471	3.22774107583913	0.0157829972409275
TR40847_c0_g1_i1	3.44028782084042	0.0881415968690176	1.7982579326445	0	0	1.47767732756531
TR29550_c0_g1_i1	0.11503324294624	7.53177132541286	1.31266517355839	2.25791579132422	2.9554988016453	0
TR42740_c1_g1_i1	1.00791308164326	0.965691949224704	0.55581615506164	3.59788867516543	1.79659775404831	0
TR31794_c0_g1_i3	3.68077442549246	2.65328936215566	2.37878903793411	0	0.197865391353738	5.5746767755348
TR43164_c1_g1_i2	0.818032474658094	0.438292851579147	0.592636428606577	1.84879818124419	0.922958964236172	0
TR26636_c3_g1_i1	0.228972569760161	0	0	0	0.0731347046302154	4.78560286025582
TR37547_c1_g1_i2	0	3.07843905102752	1.10030490579569	0.43722773891291	0.358396261956654	0.264236151043547
TR38353_c3_g1_i3	0	4.36134727802076	1.32596199617185	0.113700499164728	0.526068811667588	4.13586316536868
TR40986_c1_g1_i9	0	0.469885976274464	0	2.64154602908752	0.699551632523089	0.339137384919586
TR40931_c1_g1_i1	2.09659920721425	1.22774107583913	0	1.38183708390605	1.70310069960416	0.42867840994823
TR31991_c1_g1_i2	0.00432160595009347	0	4.07690108755726	3.87617311443746	2.75745001623129	0
TR41679_c0_g1_i2	4.77957491427981	0.276198865032242	0	0	0	0
TR37637_c1_g2_i5	0	0	2.39341620047154	0	0.175045486110914	0
TR40738_c1_g1_i3	0	0	0	3.77894445758767	0	0.0426443374084937
TR39524_c1_g1_i3	0	1.65718266012842	2.36988520228402	1.95494073508909	6.52262076104208	0.416839741912829
TR35853_c1_g1_i4	0	4.45002349122488	0	1.34426039498542	3.30728279106001	2.06073915785768
TR35146_c1_g1_i2	0	3.97425396272813	5.13795429552079	2.23081784186108	2.92467000816975	5.24583788960736
TR39219_c2_g1_i2	0	0.0579700686373299	4.86274892579353	0.0328061450832415	1.38956681176273	0
TR42148_c0_g1_i3	0	0	0	1.8742067858778	0.0799753767205959	0
TR40164_c0_g3_i6	0	2.70642003930195	0.01292617444427	1.0164963198962	4.5915597458278	1.9938554797021
TR39780_c5_g1_i5	4.63069668382075	1.75745001623129	5.04583609353236	0	0.3928669162308	0
TR33482_c1_g2_i5	3.22573765346606	0	0	0	0	0.0799753767205959
TR34217_c4_g1_i5	0	0	0	3.2060180040209	1.18650055764449	0
TR31595_c1_g1_i1	3.62608864188872	0.529071299829111	6.60839529537343	0.556797246592743	0.476122419880152	0
TR40446_c0_g2_i2	1.24184018356467	0.843983844048327	0	3.37295209791183	1.40217642497948	1.31788288282941
TR41272_c3_g1_i3	0.0962618530584035	5.13697061182743	3.07536148281424	5.35526299022057	6.1742865618364	3.9906826281024
TR40950_c0_g4_i1	1.9429835981871	1.53057020390253	2.62573806190865	4.98157869784235	1.924859998957	0
TR37035_c4_g1_i5	0	1.202260983562	2.59430967298041	0	0.206643223983395	3.07433416610274
TR5947_c0_g1_i1	0	7.3138444315218	1.03491998434916	0	0	0.313826296390398
TR28415_c0_g2_i1	0	0	4.79259510251225	1.5089356618644	0	4.44022136629098
TR31169_c1_g2_i1	0	5.36289064266586	3.628423667147	3.54966917072649	2.82537860389293	3.65992455840238
TR38906_c1_g1_i2	0	0	0.664482840364683	2.64961545906341	0.387362540835996	0
TR36493_c2_g1_i6	0	10.2514504555771	9.69017436765589	0	0	6.78929888227063
TR40253_c2_g2_i9	8.16607769868975	10.1200019456548	3.49569516262407	1.05450121618256	1.09017594979021	10.1456010392396
TR36275_c0_g1_i3	0.0510240030244669	0.0840642647884745	4.59854386356096	0	0.112366523072563	0
TR42348_c0_g2_i8	0	0	0	2.80033047292464	0	0
TR31878_c0_g2_i2	5.61267686223421	4.47521461587823	3.84909854455578	3.36359162661672	4.3460349715098	0
TR41330_c0_g6_i1	1.24061962931176	0.217851096811131	0	1	1.38515489688434	6.45670760112149
TR39968_c0_g1_i6	2.35558014737736	1.70708299177171	1.41359408240917	0	0	0
TR39465_c1_g1_i4	1.09491164702547	0.368489000645104	0	2.36204901208824	1.18713429147454	0
TR25121_c0_g1_i1	5.06238079335608	0.648005179810493	6.16416276661077	0	0.206643223983395	0
TR32355_c0_g1_i2	7.30260237048101	8.32853581161225	7.39734948193475	4.59890111367609	4.21466882266671	0
TR32366_c2_g1_i2	5.4541758931858	0	5.66922523584485	0.253384235800074	0.585923976958601	7.97779507974209
TR41280_c0_g1_i7	3.22234089559345	1.79535136516656	0	1.02786177535451	2.80879689623151	1.75060650483559
TR39253_c0_g1_i2	0	3.44188181239293	3.387362540836	4.42102127410647	3.88498857765124	1.57724753559315
TR35215_c1_g1_i12	0	0	3.88830489520849	0.900721927564115	0.724213686757358	0.745882688902259
TR42260_c0_g1_i5	0.2904244038653	0.235114320376357	0	2.22527492986957	0.399444564589458	0.0565835283663675
TR41633_c0_g1_i4	4.97673022067715	4.92129350149762	5.73917303130949	7.81348621007624	7.64221057925179	0
TR27360_c0_g1_i1	0.438292851579147	0.200378797984026	0	0.767231037023876	3.82313791929853	0.804053558967353
TR31137_c4_g2_i1	0	0	4.36988520228402	0.988412025724788	1.22156778853841	5.29465750498495
TR35146_c1_g1_i5	4.66664298937749	4.37726259663846	0	2.37378739372261	2.52606881166759	4.04203141200333
TR41238_c1_g1_i7	1.43242497680476	1.55139296802745	0.490570130446201	2.34113182886045	1.94897455427977	0
TR31482_c3_g3_i1	6.15473711337272	3.23327453899093	0.0731347046302154	0	0	0
TR41418_c0_g1_i3	0	0.718087583960517	0	3.9412941496344	0	0
TR14217_c0_g1_i1	0	6.20997965835306	1.85479359799369	0	0	0
TR33761_c0_g3_i1	4.18523225423016	0.180147861158429	0	0	0	0
TR42730_c0_g1_i1	0	0.57918014812715	0.799087306074004	2.39999135066418	1.02005765234125	0.0662614422687213
TR31510_c1_g1_i6	3.20194745644116	0.197865391353738	0.0214797274104514	0	0	0
TR35146_c2_g1_i9	0	0.591679416935737	5.1225484860034	1.26363540356833	1.66630212817309	0
TR24704_c0_g1_i1	4.25262759077256	3.12399720369191	0.12565110166152	0.01292617444427	0.0200576523412535	2.4974846313192
TR43302_c10_g1_i2	0.724213686757358	1.25761413004954	0	2.87282875953489	1.61964776693088	0.0299828662157143
TR39394_c3_g2_i3	3.13208324796568	2.55385196818113	1.86710572950265	4.77826115178997	2.4276061727819	0
TR35225_c3_g2_i3	0	3.58616424593091	0	1.03984026453179	1.01364091066939	0
TR30901_c0_g1_i5	4.21521263491764	4.58754501652256	3.10416889482346	4.51292214601569	4.57978355900252	0
TR27201_c0_g1_i1	0	3.17951105027151	0.907659827853289	0.534061602421118	2.10232219119669	1.97526332167849
TR29518_c0_g3_i1	0.255802836602718	5.17092652528738	7.46886837424539	0.0510240030244669	1.16607267594671	0
TR34099_c8_g2_i6	0	2.84699468696557	5.03992797435587	1.16992500144231	1.11103131238874	4.137667457054
TR43060_c0_g1_i1	0.736388400703461	0.258217389536018	0.334568275666133	4.09372917927164	0.211635253327149	0
TR35146_c2_g1_i1	4.18523225423016	5.0204577526556	6.23337041887592	0.0867837661420666	2.91322452933057	4.42874539831872
TR38334_c1_g1_i11	0.587845009254278	0.560714954474479	0	2.77040621629884	0.351628329102782	0
TR38167_c5_g3_i1	4.7022696700075	0.12300395405482	0	0.35501626421955	0	0
TR41155_c0_g1_i1	1.87460026604958	1.95939923477212	0	2.20789285164133	1.70043971814109	1.5854433189362
TR41873_c1_g1_i3	0	4.07347750967897	1.94785314338702	0	0	0.489542935642474
TR42414_c4_g1_i2	0	0	0	1.72246602447109	0.535057594894842	0
TR35214_c2_g2_i8	4.23741075271918	0.171206827418142	2.41169740352087	0	0.578214165472454	0
TR43242_c1_g2_i1	0.621055503299739	0.3928669162308	1.45838200415601	2.69888520936509	0.00719550140420377	0
TR38156_c0_g4_i3	0	1.56803210477128	0	0	0	4.306991278624
TR37005_c2_g2_i4	0	0.705756782049797	2.69465736554709	0	0	4.65334669272218
TR39964_c2_g1_i1	0.01292617444427	0.0579700686373299	1.68347189285523	2.55532535898925	4.64731450954714	0
TR40270_c1_g1_i1	0	0	1.53306492186964	4.50652577904312	0	0
TR33649_c1_g3_i2	3.29953773957278	0.269033146455237	0	0	0.216610068742442	4.52744572778007
TR37484_c2_g2_i2	0	0	3.20523609784985	0	0.385154896884344	0
TR36497_c0_g1_i3	0.562669826102702	0	2.34766565630097	0	0.404903122145131	0
TR36061_c0_g1_i3	3.49543934295128	5.70049520534484	1.0064775640712	0	0	0
TR37220_c5_g1_i1	6.0898159087473	6.60531653431967	5.8165485099189	3.81608765860021	3.63122071794488	0
TR37028_c2_g1_i6	1.47092725747513	0.20163386116965	0	2.33084518962342	1.71633248028799	0.0172092900322231
TR42764_c0_g2_i2	0	0	0	2.67016051412663	1.97306017280408	0
TR35507_c1_g7_i2	0.442545456105304	0.551885103471725	0.738119288782577	3.09980014339942	0.922197848396367	0
TR39553_c3_g2_i1	0.130930869826449	3.03174806286428	4.32847746877122	0	0.513995979367013	1.34198574722862
TR25874_c1_g1_i1	0.0510240030244669	1.5119739817818	0	2.53206755228903	8.60093872434261	1.22094900446678
TR40640_c2_g3_i6	0.00288250853312136	0.6915341649192	0	2.46884394297464	0.751892138404309	0.124328135002202
TR35066_c0_g1_i8	0	0	0	1.87578006306849	5.99444395606085	0.244887059123534
TR37159_c4_g1_i5	8.13489858435188	6.42218253238984	0.74931972457408	0	0.382943869568991	3.89927232261827
TR42518_c1_g1_i13	0	2.16575118401426	1.48954293564247	1.43616183931445	3.23327453899093	0.509949146304311
TR33880_c5_g1_i1	0	6.7019648391759	1.25942315228141	0.0799753767205959	0.0621217119077975	6.86612906856953
TR41472_c0_g1_i15	1.10030490579569	0	0.564622052436981	2.88557436437143	2.07073278582443	0
TR35546_c0_g1_i2	5.21676525564529	0.477159211186641	3.67874800996336	0	0	0
TR41472_c0_g1_i3	0.00719550140420377	0	0	1.64892555945312	1.47715921118664	0
TR38301_c5_g1_i8	0	4.38832732379875	0	0	0	0
TR40738_c1_g1_i4	0	0	0	2.67016051412663	2.61964776693088	0
TR41536_c1_g2_i3	0	0.371837617330421	0	1.85079942312548	0.586884812852185	0
TR38547_c0_g1_i7	1.15898325116039	2.12101540096137	0	3.75007048586569	2.15930625464117	2.44837239461205
TR43237_c0_g1_i4	0.329984649758421	0.408168370708106	0	2.06039331222714	0.713695814843359	0.292781749227846
TR37314_c6_g1_i2	0.037030730944967	7.34175452757256	4.92523990548741	7.78400005095996	8.72309092034855	4.01979085714107
TR37793_c2_g1_i2	1.65946793708479	1.35106289894039	1.67038715697383	4.49396749887319	1.85837892508207	0
TR27085_c0_g1_i1	6.60974019007191	4.30502202748515	2.3164354110105	0.254594043033141	0.400537929583729	1.5670586262992
TR31137_c4_g3_i3	1.01578299724093	0	7.98261146651673	0	2.91054080140115	0
TR8848_c0_g2_i1	4.84584127306815	0.00144197417390632	0	0	0	0
TR21123_c0_g1_i1	0.0271540515037266	5.76311939382756	0.679874147746623	0	0.037030730944967	0
TR39180_c7_g1_i3	4.64258605919929	5.22423325882714	3.56657164062676	0	0.416839741912829	0
TR40427_c3_g3_i4	4.32560228463811	2.9869569625244	0	3.93593113975227	4.26506177057807	3.09406712610872
TR39565_c4_g1_i5	0	0.070389327891398	0.391767719955997	3.00198234313243	1.3311319222172	0.205392512989685
TR39556_c0_g1_i3	1.31266517355839	0.715454127115718	1.39341620047154	2.62058641045188	0.831066510605073	0
TR7740_c0_g1_i1	0	0	0	0.0731347046302154	0	7.9175152975219
TR37637_c0_g1_i2	6.03674508139095	6.41678908459648	6.0573852844571	0.0786098346963665	0.949348164288563	7.60776675545746
TR34293_c0_g1_i8	0.368489000645104	0	0.474046599319306	5.82288307570901	8.50402841645004	4.99837605443825
TR27753_c0_g1_i1	3.07416287550701	0.564622052436981	0	1.26663664251399	4.59389154378646	1.49620666592348
TR33384_c0_g2_i6	4.02183502726224	0.545968369105292	0	4.63296612490967	8.18837125061219	1.00863030514344
TR36201_c4_g3_i9	0.0214797274104514	4.49627059108648	0.669026765509631	0	0	0
TR43074_c0_g2_i4	0.0100636833446975	1.61164454337366	2.16253231824146	4.25640685379425	1.87617311443746	1.08338358771008
TR38256_c1_g1_i4	3.52381283772722	0.524063675777211	0.00863030514344006	0.772307974958403	1.06901467791518	0.0648828515848544
TR39456_c3_g2_i3	0	5.35793901722724	3.09659920721425	2.31324585178756	3.09895848008817	4.58970357315616
TR39433_c1_g3_i1	5.12399720369191	6.59178412101282	3.59598097896562	0	0.31150311546827	1.8571848057912
TR32319_c2_g1_i4	0	0	1.85678654628808	0.0827025893302493	0.12300395405482	5.27902549195109
TR41558_c4_g1_i7	0	0	0	1.58014548442338	0.227741075839128	0.235114320376357
TR42640_c0_g1_i2	0.537047519404657	0.474046599319306	0.00144197417390632	1.3533232911629	0.461528559472877	0
TR42187_c0_g1_i4	0	4.09043004232162	0.652601217596519	3.84126870254334	3.54744982914397	0.0100636833446975
TR32860_c0_g2_i1	7.71411498220954	1.72813820341893	0.321928094887362	0.222804561045261	0	1.63040547148232
TR40102_c5_g2_i7	0.0690146779151805	0.227741075839128	5.46786635273041	0.0621217119077975	0	1.38128337250378
TR42261_c3_g2_i8	0	0.0468402542029724	0	1.9429835981871	0.207892851641333	0.00144197417390632
TR42236_c0_g1_i7	0.502839758255932	0	0	3.89316802608885	2.1417597473139	0
TR36061_c0_g1_i7	0.67897330785417	0.00863030514344006	5.70066165415274	5.33224247306522	5.61521028416012	4.06263982828646
TR39795_c1_g1_i1	0.70310069960416	0.63876894441695	0	2.97819562968165	2.2910141014173	0.741574847418796
TR41547_c0_g2_i7	0.452068230223811	0.185232254230161	0.899948986189672	2.66334461936608	1.09017594979021	0
TR36168_c4_g2_i5	0	4.53835191730889	1.23450132056221	3.08729310243717	0.202887833470143	2.19723635491871
TR36497_c0_g1_i4	2.83430670296291	0.643394453479892	0	0	0	1.32365829102624
TR39055_c0_g3_i1	2.8365301213294	1.2862897581341	0	0	0	0.492622328574446
TR42506_c1_g1_i3	0	0.172487515510134	0.762986564880576	3.32811838395943	2.32768736417605	0
TR39433_c1_g3_i3	7.91851146295568	6.05430584523653	0.624802765252947	4.59144006479236	5.41910062318622	0.108357178090419
TR41198_c1_g2_i4	0	0	0.484395962502666	3.03738222200308	0.906890595608518	0.00288250853312136
TR37880_c0_g1_i5	0.464668267003444	0.573374526445944	0	1.8015725694636	5.23273749384733	0.253384235800074
TR34447_c0_g2_i6	2.64777499312618	0.0908534304511135	0	0	0	0
TR36201_c4_g3_i2	0	4.49990965120073	0.206643223983395	0	0	0
TR21619_c4_g1_i1	0.0229004021100788	0.350497247084133	0	1.7561693281393	4.36793014143188	0.602171790753379
TR24774_c0_g1_i1	0	3.90775595305177	0.524063675777211	0.0676387168753633	0.289244285156642	0
TR39749_c1_g1_i1	0.0621217119077975	0	0	3.08559461502544	2.45364926604329	0.0200576523412535
TR31989_c0_g1_i1	3.0727918181067	0.102993993323326	0	0	0	4.00351229029525
TR37914_c0_g1_i5	4.06505524747929	4.95874989444377	0	0	0.216610068742442	0
TR39780_c5_g1_i4	5.83872491027392	6.22040735060613	1.9649530529008	0.172487515510134	1.21598915414672	2.32739994609742
TR28581_c0_g1_i1	0	0.199122642013601	0	0.0745054363636298	3.38529297364579	0.01292617444427
TR40637_c0_g1_i8	0	4.1867382404547	0	3.09356017616234	3.47378691161437	3.17440641852975
TR41937_c2_g3_i9	2.09153059312062	0.151858816727005	0	0	0	0
TR36424_c5_g1_i7	0.126972856257766	0.0840642647884745	7.15122969180559	0.545968369105292	1.28154989336664	0.210388864445403
TR36447_c1_g1_i3	0.648925559453121	0.0172092900322231	0.741574847418796	5.89241531350426	3.79108472688701	1.98950236086238
TR18955_c1_g1_i2	0.00719550140420377	0	0	1.62339868237726	3.12911812808932	0
TR42187_c0_g1_i5	0	0	3.57434375392001	0	0	0
TR36207_c0_g2_i1	0	1.16414264884831	1.00575926928868	2.66220549965362	1.26903314645524	1.54349588342577
TR41739_c1_g2_i16	1.52105073690096	0.58111017522555	1.46100460993347	0	0	0.508935661864395
TR43722_c0_g1_i1	1.67852267688349	0	5.78617812879877	0	0.210388864445403	0
TR42592_c0_g5_i3	0	0.443606651475615	0.187767747046025	3.08848085496368	2.05727696507325	0.0496307677246004
TR27335_c0_g3_i1	0	2.55507989832666	0	1.75146372116556	6.32741791140498	0.0922074380970889
TR41219_c4_g1_i1	1.55875743037376	1.66584752125555	0	3.54101915313356	2.07416287550701	0.635986503745623
TR38937_c1_g3_i2	5.33885223914518	0.871843648509318	0.69421160776789	0.210388864445403	1.1839628348426	0
TR17338_c0_g1_i1	7.28462517384779	4.71358584914028	3.23955079661365	0.12565110166152	1.90919706299169	3.84157063739552
TR41558_c4_g1_i10	0	0	0.923719678749389	2.35275852504064	0.376290383337052	0
TR38937_c1_g1_i4	4.67795919015958	5.66058069845186	5.04045412134962	0	0.221567788538409	7.48988006456144
TR42598_c2_g4_i3	0	0.368489000645104	0	1.58400038328577	0.391767719955997	0.0398402645317911
TR36769_c2_g1_i4	0.94335876267781	0.711935356978922	0	2.5298209465287	0.770617646656203	0
TR39524_c1_g1_i8	0.121678556588252	6.26940724085404	5.7400370660962	3.14990966753492	3.40871186102943	3.91733627274399
TR42339_c1_g2_i5	1.0962618530584	0.233888060174277	0	4.10877533844838	1.30975827142464	0.314986485468515
TR35851_c4_g2_i1	7.12034157137211	1.38901605968851	2.41467678042689	0	0.192825403552391	0
TR27069_c0_g1_i2	0	0	3.3956112485038	0	0.105678077894537	0
TR43196_c3_g3_i5	0	2.09558690799772	4.37476129465031	2.91341603328531	1.64708421262895	0.253384235800074
TR41260_c2_g1_i4	0.094911647025467	0.0690146779151805	0	1.86789646399265	1.09085343045111	0.141432790929296
TR37089_c0_g1_i2	0	0	1.91914936328767	3.62374983122673	2.9322501913294	1.06901467791518
TR37584_c3_g1_i4	4.85284781910884	0.997111720675174	0	0.345964030342872	0.485426827170242	1.9667995846272
TR37662_c0_g1_i2	0.73725410432433	1.01149563883783	1.06004738366994	3.05918219921169	1.36289064266586	0
TR38239_c0_g1_i4	0.602171790753379	0.169925001442312	0.578214165472454	4.24176392916888	2.44281082813601	0
TR37869_c3_g2_i2	0	0.0881415968690176	0.0285691521967709	2.60620531294249	0.993493221058416	0.339137384919586
TR42121_c2_g1_i5	0.171206827418142	0.24731993497982	2.24519139306431	3.9486942832656	1.00934717225925	0
TR38301_c5_g1_i1	0	4.94420252625049	0	0	0	0
TR37503_c3_g1_i2	4.72388616130114	2.77652515142191	0	2.05727696507325	2.6422394657944	1.70752479089961
TR41647_c2_g5_i2	0	2.34596403034287	0	3.58688481285218	1.9452331231349	2.23358133219589
TR42443_c3_g1_i6	2.31903981556254	0	1.175684270731	4.35402893805439	3.75894271687236	1.72202877790284
TR28657_c0_g1_i4	4.03852397688151	2.34397626006754	1.35106289894039	0	0.276198865032242	1.62246186738273
TR37878_c5_g1_i1	3.77410178142063	6.22756781266839	6.32149522144083	0.12300395405482	1.44466706684191	5.73744340776499
TR42983_c3_g1_i4	1.23450132056221	1.41899946543127	0	3.23939804156656	1.0036022366802	0
TR24544_c0_g1_i1	0	4.91207497146824	0	0	0	0
TR42305_c0_g1_i2	1.44042072075677	0.380729448503549	0.927517246198477	2.98986562286629	0.869476633965402	0
TR37436_c0_g1_i3	3.54584484540635	1.22958792274065	0	0.398350370345965	0.119024103142275	0
TR42901_c0_g1_i2	0.0440443327060212	1.26723614181241	0	4.21870368476674	2.91207497146824	2.18586654531133
TR41486_c0_g1_i1	0	0	0	3.14518832312081	2.88479326254353	0.561692721398309
TR32958_c2_g1_i3	0	0	0.241230035515445	3.11203283623382	2.8665123940878	0
TR37744_c1_g2_i1	1.15120939288489	0.602171790753379	1.59502618406585	2.59979385212224	1.32481060342048	0
TR36733_c3_g1_i3	1.84398384404833	0.936590829823939	1.41142624572647	3.17104666144064	1.03703073094497	0
TR34809_c2_g2_i1	0.00863030514344006	0.00288250853312136	0.00144197417390632	2.73811928878258	0.473007567916174	0
TR42348_c0_g2_i6	0	0	0	2.50105692365951	0	0
TR41198_c1_g2_i11	1.18269229751619	0.153156788061421	0.0454429707611671	1.77652515142191	0.919149363287674	0
TR15455_c0_g1_i1	2.17312743348066	3.90168752229991	3.28036248997378	0.0200576523412535	0.258217389536018	0.225274929869569
TR37256_c1_g3_i1	0	0	0	0	0	5.10643207781693
TR39139_c4_g2_i1	0	0.584962500721156	0	2.50105692365951	0.704871964456353	0
TR39432_c2_g2_i2	7.8458851698222	1.25580283660272	4.72421368675736	5.65743993457491	5.39011735366633	0.0114956388378294
TR40253_c2_g2_i5	7.28039033092788	12.9432930060319	6.10475598696226	0.891419186846079	2.77568270173906	3.67829730860359
TR42542_c0_g2_i1	0.215367972203479	0	0	1.76256143004889	0.577247535593151	0.00719550140420377
TR32796_c0_g1_i5	6.46233048861639	0.524063675777211	0	3.19424468063773	2.81966818349646	2.38183708390605
TR41113_c0_g1_i6	0.976730220677153	0	0.600269753509005	3.44108503676099	0.424384671538097	0
TR33423_c3_g5_i1	2.66152159585276	0.0257375614136083	0.00575926928868495	0	0	0
TR29379_c1_g1_i2	0	0.519038609600059	7.50058697095808	2.81044310384517	3.91771816541802	1.55777767139493
TR28261_c0_g1_i5	0.405992359675837	8.18798543317703	4.2245033939183	0	0.817213924258327	8.43010124401639
TR27611_c1_g1_i1	0	0.789937868980195	0.254594043033141	3.4700161775327	3.37169824670375	0.153156788061421
TR41591_c2_g1_i4	0.314986485468515	0.69421160776789	0	2.87872534148011	2.04229412620617	0.0854246562526777
TR35203_c0_g1_i2	0	1.91991208867731	0	3.65901117119815	3.8833275557824	1.31730406836191
TR38292_c6_g3_i1	1.1991226420136	4.10651583126625	0.375178479589612	0	0.037030730944967	0.558757430373762
TR41537_c1_g1_i3	0	5.17380703546324	1.2103888644454	0.0496307677246004	0.217851096811131	0
TR29397_c0_g1_i1	0	0.159629185821228	1.25580283660272	0.425459304765355	6.39418827777753	0.154453592679872
TR27331_c0_g1_i2	3.56157053676636	5.3659374442633	7.94452466686924	0.100304905795685	2.75189213840431	1.05032755355842
TR31968_c2_g1_i1	1.70708299177171	2.4032677223393	0	2.71567376554819	3.85149920246126	3.82964663487904
TR37637_c1_g2_i2	1.52556778890135	2.19440229193857	2.21971063954878	0	0.0172092900322231	3.36737106564853
TR37707_c0_g2_i8	0	0	0	1.67174626686322	0.291603558030565	0
TR40446_c0_g2_i1	1.82089374922857	1.60644222813161	2.03386345186628	3.3029039075661	2.27052894238072	0
TR33901_c1_g2_i2	6.77261149603176	6.42973311565489	0	6.47921439030508	7.60676792300425	1.21598915414672
TR33935_c3_g3_i2	0.173767067736707	4.89413868819967	5.42095392611305	0.147957881387101	0.856786546288081	2.06901467791518
TR41994_c1_g1_i2	5.56973411310658	0.0813396274519388	0.792438930064638	0	0	0
TR40537_c1_g1_i6	2.14339341869319	2.10668332357977	0	2.58664466386438	1.31092173523034	0.605968358841458
TR37384_c6_g3_i2	0	0	0	5.04360698009683	2.1861835863061	0
TR38572_c1_g1_i1	1.14012422390907	4.35289973729944	0.160920188181103	0	0.0551956542421246	0
TR36164_c0_g1_i5	0	0.542010355536609	0	1.72987901212594	0.426533138116673	0
TR32591_c2_g7_i4	0.063502942306158	4.0639343057541	6.45701964704275	0.557777671394926	1.1583370271671	5.03099811817189
TR42237_c2_g3_i6	1.15962918582123	2.35021433796647	0	3.70132725741294	2.21536797220348	0.350497247084133
TR31822_c1_g1_i1	2.23848117147476	6.58020579650051	1.44360665147561	0.207892851641333	0.269033146455237	0
TR31510_c1_g1_i3	4.31404390292303	0.177598929327733	0	0.0412429822318813	0	0
TR26422_c0_g2_i2	3.89151640021769	2.16156525639703	0	0.183962834842595	0.178873958169795	1.10701824988212
TR25125_c0_g1_i2	3.34638962502836	0.283329168051641	0.01292617444427	0	0	0
TR33945_c2_g1_i4	0	0.255802836602718	0.178873958169795	0.317304068361915	0	6.58811494938808
TR38937_c1_g1_i7	12.4356017703585	6.52213423626695	7.13638623213268	3.48890056729806	8.76187031863884	2.35078010073486
TR42313_c5_g1_i6	0	0.783247097378117	0	2.60312186984	0.733788168625182	0.187767747046025
TR35085_c0_g2_i2	3.00845103269327	0.855989697308481	2.6674380191387	4.83864928345343	2.67513845051136	0
TR42628_c1_g4_i2	0.202887833470143	0.432959407276106	0.0565835283663675	6.98680910054273	4.56949109195872	0.0881415968690176
TR29550_c0_g2_i2	0.147957881387101	7.06686416170014	7.0796021146966	0.176322772640463	1.02431967919541	0
TR31991_c1_g1_i4	0.244887059123534	0.0454429707611671	3.8261925362366	1.38956681176273	2.75979499575751	0
TR31371_c0_g1_i2	1.52807116457874	1.76723103702388	0.00144197417390632	2.93054811924785	3.4974846313192	0.00432160595009347
TR36503_c1_g2_i3	3.17264752161476	3.95354462352481	0.0662614422687213	0	0.0384361816561079	0.0214797274104514
TR21530_c0_g2_i1	0	4.64489455643701	0	0	0	0
TR5710_c0_g1_i1	0	0	0	4.65300267514463	9.09055177913549	0.0745054363636298
TR31679_c0_g1_i2	0	0	5.18689667390982	0	0.108357178090419	4.90352037372338
TR44332_c0_g1_i1	0	0.199122642013601	0	3.47819525793917	6.88201937688829	0
TR39601_c0_g2_i2	1.75189213840431	0.259423152281415	0	3.10835717809042	1.14730669878029	0.199122642013601
TR43176_c1_g3_i1	0	0.832687516439532	2.42223300068305	0.356143810225275	0.35501626421955	0
TR38353_c3_g1_i9	4.50080205305716	0.211635253327149	0.58880456701555	0	0	0
TR24199_c1_g3_i3	7.35498982678809	1.57094860517333	6.5724804426757	0.27500704749987	0.978927776381399	7.51895995389693
TR37159_c4_g1_i6	7.66567700672279	6.55770109969576	7.27894188842022	0.0454429707611671	1.3533232911629	5.43396093112118
TR34257_c2_g4_i2	0	5.81634370528486	1.38460245765075	0.0662614422687213	0.254594043033141	4.43988904761978
TR36133_c2_g3_i1	3.05623668498427	0	3.55114683733661	0	0.221567788538409	2.44413695658759
TR41510_c2_g1_i9	0	1.25035527176305	0.677169938818245	3.90996506675797	2.75424616183689	0.516015147003665
TR41985_c6_g2_i3	0	0	0	2.94804010574598	1.85559110771045	0
TR30187_c1_g2_i3	0.592636428606577	5.18479601728882	0.231432408447965	0	0.475084882948783	0
TR42234_c1_g1_i3	0.887525270741587	0.434027674663597	0	2.35755200461808	0.671746266863223	0.518031492602169
TR38547_c0_g1_i2	1.6378420603241	0	0	3.2871767517316	1.20851725980554	0
TR29397_c0_g1_i3	0.172487515510134	0.62760683812965	0	0.459431618637297	5.4441038182283	0.094911647025467
TR42939_c0_g1_i1	0	0	0	2.33285112207215	0.173767067736707	0
TR42333_c0_g2_i4	2.55114683733661	2.033158666781	1.55630678422498	4.74319179574163	3.02591469875079	0
TR41472_c0_g1_i18	0.222804561045261	0.860764202628828	1.10165007609443	0	0	0
TR37220_c5_g2_i2	7.03185831597591	7.39135530534338	5.56547532146496	6.00137441382076	5.46499492726543	0.104336659814736
TR38901_c0_g1_i4	1.202260983562	2.72181010491404	3.49914429572343	0	2.18713429147454	2.17855530658575
TR38348_c1_g1_i5	0	1.72290313856045	2.81003172801094	4.28125313412649	3.12399720369191	0.0426443374084937
